[0.09680930370301086, 0.7848419210957047, 0.2505755169670106, 0.4968534867184637]	0.9778	0.9849	0.9866	0.9886	0.9894	0.9888	0.9894	0.9896	0.9899	0.9896	
[0.095126931510711, 0.8398623919536459, 0.4756005720617612, 0.6382378448493586]	0.9780	0.9832	0.9852	0.9874	0.9886	0.9874	0.9883	0.9892	0.9895	0.9878	
[0.07588876919637065, 0.698445915306954, 0.3691838116117139, 0.6384619895112442]	0.9754	0.9831	0.9864	0.9848	0.9866	0.9867	0.9871	0.9887	0.9887	0.9909	
[0.058465327068772326, 0.8683864839895079, 0.22438128703623622, 0.29997343769702045]	0.9830	0.9866	0.9893	0.9895	0.9906	0.9912	0.9918	0.9914	0.9908	0.9911	
[0.015933082832357736, 0.8061887144401839, 0.26873622876984765, 0.4788649279442911]	0.9685	0.9754	0.9802	0.9836	0.9866	0.9863	0.9882	0.9872	0.9896	0.9894	
[0.015632157383429515, 0.813420887239555, 0.5525765785821609, 0.5193917359209859]	0.9657	0.9774	0.9820	0.9840	0.9864	0.9857	0.9868	0.9880	0.9889	0.9877	
[0.08188906155552898, 0.6315008856343646, 0.3007652681728737, 0.22323116968181478]	0.9802	0.9868	0.9892	0.9903	0.9902	0.9909	0.9910	0.9911	0.9897	0.9913	
[0.08697840476995618, 0.6102145093049155, 0.270989484414286, 0.27610421014330444]	0.9793	0.9827	0.9884	0.9889	0.9897	0.9908	0.9904	0.9910	0.9911	0.9901	
[0.024659222485354914, 0.7973856326731027, 0.3665670328388254, 0.5381975011306844]	0.9704	0.9786	0.9846	0.9857	0.9883	0.9891	0.9889	0.9903	0.9907	0.9902	
[0.054306828145011365, 0.8610439830800285, 0.5626355414554269, 0.6579420428259919]	0.9753	0.9841	0.9849	0.9854	0.9856	0.9875	0.9889	0.9888	0.9888	0.9894	
[0.05386469745810197, 0.7788588018567937, 0.6921527750258926, 0.588470904028813]	0.9748	0.9823	0.9849	0.9851	0.9873	0.9881	0.9888	0.9871	0.9894	0.9883	
[0.09109556052804794, 0.851177674915121, 0.5573096207202193, 0.4454556856363395]	0.9830	0.9832	0.9864	0.9859	0.9889	0.9892	0.9897	0.9914	0.9907	0.9895	
[0.1, 0.9, 0.4902050650034826, 0.29657110875407905]	0.9839	0.9827	0.9889	0.9869	0.9896	0.9904	0.9888	0.9903	0.9898	0.9905	
[0.029442573186842843, 0.715252290002005, 0.6503916008561043, 0.2848511513607844]	0.9719	0.9802	0.9841	0.9858	0.9877	0.9882	0.9883	0.9898	0.9900	0.9899	
[0.08116128159113169, 0.7943636128574256, 0.5206644487728863, 0.2934831536382267]	0.9824	0.9859	0.9887	0.9895	0.9904	0.9904	0.9903	0.9917	0.9919	0.9921	
[0.09443409803476523, 0.8797022101960935, 0.5067719830977653, 0.6449185173217662]	0.9780	0.9795	0.9846	0.9854	0.9851	0.9872	0.9891	0.9887	0.9875	0.9876	
[0.09966577133485245, 0.7180484189839956, 0.5720210770218915, 0.4285340828262063]	0.9814	0.9863	0.9861	0.9879	0.9895	0.9897	0.9906	0.9904	0.9914	0.9915	
[0.01732204604551281, 0.7041378128751572, 0.6340618542750288, 0.524563770301651]	0.9569	0.9695	0.9759	0.9809	0.9830	0.9844	0.9852	0.9862	0.9868	0.9884	
[0.0966817090444285, 0.7680838105347043, 0.6018487886911311, 0.595450087575827]	0.9788	0.9829	0.9855	0.9872	0.9883	0.9872	0.9889	0.9890	0.9894	0.9901	
[0.017231730976053017, 0.621299084731294, 0.44656103961230165, 0.2326903176748994]	0.9575	0.9737	0.9788	0.9829	0.9846	0.9859	0.9869	0.9872	0.9899	0.9888	
[0.04720899361905013, 0.7141122979273565, 0.3950550310240831, 0.45288017353439575]	0.9780	0.9846	0.9840	0.9876	0.9885	0.9905	0.9910	0.9899	0.9908	0.9921	
[0.0562857553564294, 0.8760916346099406, 0.5003325110591879, 0.23866222234886142]	0.9836	0.9856	0.9899	0.9893	0.9914	0.9901	0.9910	0.9918	0.9911	0.9916	
[0.036970708076721266, 0.7102166972796471, 0.43383251233393727, 0.24089965977667682]	0.9724	0.9817	0.9854	0.9874	0.9891	0.9901	0.9901	0.9906	0.9908	0.9910	
[0.03529439913784227, 0.8269382258974155, 0.3342116148609676, 0.6706429112711809]	0.9718	0.9833	0.9848	0.9859	0.9881	0.9881	0.9879	0.9889	0.9897	0.9912	
[0.02807016908438555, 0.643622446545944, 0.538374139891485, 0.6762186197694958]	0.9626	0.9741	0.9783	0.9813	0.9835	0.9844	0.9853	0.9858	0.9861	0.9875	
[0.042645414493533824, 0.8268863784470317, 0.5010602640337328, 0.3354555839257478]	0.9820	0.9877	0.9893	0.9892	0.9898	0.9915	0.9913	0.9912	0.9916	0.9898	
[0.07856877022853515, 0.6464797889405132, 0.3760102917505388, 0.369203487560829]	0.9809	0.9852	0.9870	0.9880	0.9890	0.9908	0.9883	0.9893	0.9912	0.9889	
[0.09780136606191857, 0.7902847665165752, 0.5519702237933337, 0.21174384737590196]	0.9840	0.9878	0.9895	0.9902	0.9897	0.9906	0.9920	0.9915	0.9906	0.9920	
[0.0781288302682139, 0.7553262501958384, 0.5820389888222806, 0.4312317708918798]	0.9822	0.9849	0.9868	0.9893	0.9880	0.9890	0.9903	0.9886	0.9917	0.9924	
[0.023544848362111303, 0.6858243230064626, 0.31348044183870755, 0.6989812618411155]	0.9615	0.9743	0.9798	0.9817	0.9839	0.9829	0.9858	0.9859	0.9875	0.9883	
[0.08524964924225718, 0.6002199340058474, 0.26142851829235075, 0.3788795468491506]	0.9801	0.9846	0.9871	0.9888	0.9896	0.9901	0.9909	0.9901	0.9903	0.9912	
[0.06564965689036284, 0.7937825560243205, 0.5554328827917996, 0.49844012844442126]	0.9799	0.9840	0.9884	0.9874	0.9892	0.9893	0.9903	0.9888	0.9894	0.9912	
[0.005994625788407753, 0.7183978216272382, 0.36649883203175504, 0.5918266124380799]	0.9264	0.9463	0.9609	0.9680	0.9724	0.9757	0.9780	0.9802	0.9809	0.9826	
[0.02261691322521599, 0.8889503741374072, 0.38671075815641154, 0.6202257543002344]	0.9756	0.9830	0.9843	0.9857	0.9866	0.9877	0.9898	0.9884	0.9897	0.9896	
[0.026767527409507084, 0.6950951288575765, 0.3892909703786833, 0.6018993192028508]	0.9641	0.9786	0.9815	0.9840	0.9847	0.9859	0.9873	0.9875	0.9882	0.9887	
[0.1, 0.9, 0.28253044690477963, 0.3720704962973886]	0.9824	0.9842	0.9843	0.9878	0.9878	0.9888	0.9905	0.9900	0.9904	0.9889	
[0.08662835991295764, 0.7885031511452865, 0.6022482608681439, 0.42507902765665195]	0.9826	0.9865	0.9866	0.9893	0.9890	0.9889	0.9890	0.9898	0.9905	0.9911	
[0.03566377640075322, 0.6890902497226098, 0.2665308468975373, 0.2050805745541046]	0.9728	0.9828	0.9856	0.9889	0.9886	0.9893	0.9908	0.9907	0.9913	0.9909	
[0.030064613734668393, 0.617157044006123, 0.34102551728091723, 0.2311328460952463]	0.9701	0.9807	0.9842	0.9863	0.9874	0.9884	0.9888	0.9898	0.9873	0.9887	
[0.00726662368918695, 0.8345871297858657, 0.38408514823718976, 0.2548620342543481]	0.9580	0.9749	0.9801	0.9831	0.9837	0.9854	0.9871	0.9868	0.9879	0.9889	
[0.06322451596528882, 0.8658619974747352, 0.26046639377761593, 0.6935232115414663]	0.9796	0.9842	0.9868	0.9853	0.9882	0.9877	0.9878	0.9890	0.9902	0.9901	
[0.09701936071539871, 0.8132153003580387, 0.2587013949140426, 0.6109799761337773]	0.9815	0.9858	0.9859	0.9877	0.9877	0.9900	0.9890	0.9907	0.9920	0.9912	
[0.06435765502353928, 0.7565207869427847, 0.33447157708359054, 0.3129334084883949]	0.9791	0.9865	0.9888	0.9893	0.9900	0.9901	0.9904	0.9923	0.9919	0.9911	
[0.1, 0.9, 0.4951223995747201, 0.28840863415654683]	0.9800	0.9868	0.9887	0.9911	0.9897	0.9898	0.9906	0.9905	0.9909	0.9920	
[0.06602024295762457, 0.7563109801050724, 0.656853796786331, 0.6762556250437339]	0.9717	0.9799	0.9828	0.9838	0.9854	0.9866	0.9872	0.9875	0.9874	0.9882	
[0.07139797661638031, 0.7805489026328116, 0.5139045808454792, 0.5144860702549979]	0.9812	0.9842	0.9867	0.9897	0.9899	0.9891	0.9898	0.9911	0.9907	0.9886	
[0.07007300978566537, 0.728979800535019, 0.6729798707326478, 0.2485539307659746]	0.9815	0.9853	0.9873	0.9888	0.9897	0.9895	0.9909	0.9915	0.9919	0.9906	
[0.039331383021776266, 0.7491626945851504, 0.2137217785538742, 0.5198738782099344]	0.9778	0.9844	0.9880	0.9882	0.9891	0.9886	0.9894	0.9892	0.9905	0.9906	
[0.08269838585958182, 0.6175911475186685, 0.395174628701902, 0.5372334917864289]	0.9789	0.9848	0.9855	0.9848	0.9883	0.9881	0.9886	0.9876	0.9913	0.9907	
[0.07930411345294916, 0.6217702165780606, 0.31866920364155527, 0.3790985012317729]	0.9785	0.9836	0.9874	0.9893	0.9875	0.9900	0.9903	0.9900	0.9912	0.9915	
[0.06057838170570884, 0.6607404215109168, 0.23019912171348123, 0.2622313908636494]	0.9805	0.9856	0.9890	0.9890	0.9894	0.9895	0.9904	0.9913	0.9915	0.9926	
[0.03771106841812513, 0.7964953924461312, 0.2249737181198817, 0.20313072803750032]	0.9779	0.9854	0.9893	0.9906	0.9898	0.9889	0.9898	0.9908	0.9915	0.9912	
[0.042554618454834506, 0.8451197517357482, 0.39615799012034214, 0.26552895296201073]	0.9804	0.9866	0.9889	0.9893	0.9909	0.9904	0.9908	0.9916	0.9916	0.9914	
[0.021953111536861976, 0.6693568042908422, 0.541006483512235, 0.42565729653800877]	0.9669	0.9769	0.9811	0.9846	0.9839	0.9878	0.9871	0.9886	0.9883	0.9888	
[0.03399313887915934, 0.7388032262435332, 0.5259898161412007, 0.451776197445431]	0.9742	0.9828	0.9842	0.9878	0.9889	0.9892	0.9905	0.9913	0.9914	0.9907	
[0.0729210695661226, 0.7405291387138164, 0.6592581659984569, 0.6749394889624645]	0.9769	0.9797	0.9839	0.9827	0.9877	0.9881	0.9884	0.9890	0.9895	0.9893	
[0.02044407999692417, 0.7469156029258904, 0.644818886983477, 0.3418710738883478]	0.9639	0.9760	0.9823	0.9838	0.9855	0.9863	0.9883	0.9882	0.9879	0.9886	
[0.027668142879687267, 0.8530473602338384, 0.6348474504751748, 0.5441682447148879]	0.9723	0.9834	0.9861	0.9850	0.9867	0.9880	0.9878	0.9892	0.9892	0.9892	
[0.004481295697245084, 0.6547547396527884, 0.6479148080731465, 0.2615400100247162]	0.9208	0.9448	0.9560	0.9640	0.9680	0.9709	0.9735	0.9759	0.9774	0.9789	
[0.05012170627018136, 0.8621733060195267, 0.5100886225480501, 0.4352599929486456]	0.9809	0.9878	0.9880	0.9886	0.9906	0.9886	0.9905	0.9899	0.9906	0.9917	
[0.1, 0.9, 0.5294911930141646, 0.2]	0.9826	0.9863	0.9887	0.9862	0.9894	0.9912	0.9912	0.9912	0.9915	0.9894	
[0.07003451533810856, 0.8267316718309575, 0.6811920681046502, 0.4191342205443619]	0.9790	0.9839	0.9870	0.9848	0.9896	0.9883	0.9886	0.9907	0.9905	0.9899	
[0.09682041540377817, 0.657323629027424, 0.6993235625385197, 0.6460622690288773]	0.9773	0.9821	0.9847	0.9850	0.9868	0.9867	0.9858	0.9877	0.9885	0.9892	
[0.047315344916029914, 0.8213740067757415, 0.6266701539920184, 0.6429806749159586]	0.9772	0.9814	0.9844	0.9857	0.9867	0.9877	0.9886	0.9897	0.9871	0.9887	
[0.08404891526369739, 0.7279070266482235, 0.3226498271222478, 0.5674939512452057]	0.9759	0.9851	0.9825	0.9885	0.9862	0.9887	0.9889	0.9906	0.9910	0.9905	
[0.005863647826549036, 0.8497679999642136, 0.3109704440134742, 0.21864944716222878]	0.9591	0.9733	0.9795	0.9819	0.9823	0.9851	0.9860	0.9875	0.9869	0.9877	
[0.06463038620167652, 0.7901529471398008, 0.3661525324982132, 0.5386640656433963]	0.9809	0.9845	0.9865	0.9893	0.9898	0.9900	0.9901	0.9915	0.9900	0.9903	
[0.042827599414443626, 0.870263379130383, 0.6434665972472119, 0.6547465987363617]	0.9737	0.9820	0.9823	0.9836	0.9867	0.9863	0.9870	0.9881	0.9889	0.9889	
[0.03760312529214185, 0.7358143414332055, 0.4131337936244882, 0.44504037966756915]	0.9761	0.9830	0.9846	0.9870	0.9873	0.9890	0.9893	0.9904	0.9899	0.9906	
[0.09014928614675707, 0.7564222748053426, 0.3504260779339836, 0.42909511437239445]	0.9829	0.9870	0.9875	0.9893	0.9910	0.9907	0.9916	0.9908	0.9904	0.9916	
[0.00470302375162391, 0.6366505435800359, 0.6145929923286102, 0.41764957390770097]	0.9095	0.9342	0.9463	0.9551	0.9626	0.9672	0.9685	0.9728	0.9753	0.9770	
[0.07061061808565079, 0.7772632031379849, 0.5216246714714549, 0.3456000509729146]	0.9833	0.9873	0.9882	0.9898	0.9903	0.9917	0.9907	0.9903	0.9919	0.9918	
[0.006875016360453837, 0.8914292104538017, 0.3624800629029795, 0.3442879816770875]	0.9656	0.9767	0.9831	0.9853	0.9865	0.9869	0.9901	0.9894	0.9898	0.9910	
[0.06112093486081385, 0.7269706000699167, 0.2742688499092963, 0.6707186058930541]	0.9764	0.9824	0.9865	0.9881	0.9894	0.9891	0.9887	0.9900	0.9901	0.9909	
[0.026324865019563794, 0.7744101527790792, 0.2680687836147267, 0.3269246711796543]	0.9730	0.9819	0.9855	0.9872	0.9871	0.9882	0.9899	0.9902	0.9904	0.9912	
[0.07139824808405866, 0.8050798251340812, 0.44661168862184875, 0.25091699580261034]	0.9799	0.9859	0.9890	0.9900	0.9910	0.9919	0.9895	0.9925	0.9904	0.9924	
[0.0537252831722603, 0.8249421863282714, 0.5596918652730674, 0.46778732943458756]	0.9745	0.9835	0.9869	0.9873	0.9887	0.9891	0.9906	0.9902	0.9912	0.9907	
[0.09648693745382654, 0.8429437657622805, 0.6970072929499809, 0.4981830052096902]	0.9786	0.9827	0.9876	0.9868	0.9866	0.9881	0.9880	0.9891	0.9906	0.9893	
[0.0029663242329955233, 0.6492990943185879, 0.3287046877884189, 0.5249622401218099]	0.9095	0.9297	0.9424	0.9509	0.9570	0.9619	0.9646	0.9680	0.9703	0.9724	
[0.06433292641713968, 0.6901240262491186, 0.2536628810935977, 0.2543002201103631]	0.9812	0.9868	0.9876	0.9883	0.9899	0.9910	0.9911	0.9905	0.9919	0.9900	
[0.01512436887509884, 0.6968755010868374, 0.3577329037972229, 0.33187419512681227]	0.9571	0.9705	0.9815	0.9830	0.9854	0.9856	0.9882	0.9887	0.9894	0.9887	
[0.056124682333061976, 0.8497603114829196, 0.6494404431140339, 0.46874472226652575]	0.9794	0.9850	0.9850	0.9880	0.9877	0.9879	0.9889	0.9901	0.9907	0.9893	
[0.033063440291665844, 0.7748592637525756, 0.6349828508348915, 0.24151483851196404]	0.9783	0.9858	0.9865	0.9874	0.9891	0.9891	0.9910	0.9894	0.9913	0.9909	
[0.02138975562923019, 0.8604274520838748, 0.6807697103209773, 0.6746266021224017]	0.9679	0.9793	0.9827	0.9843	0.9858	0.9867	0.9867	0.9865	0.9881	0.9876	
[0.04693831817946471, 0.7026161327405623, 0.45005808194369384, 0.32066890045684954]	0.9793	0.9841	0.9853	0.9889	0.9890	0.9901	0.9894	0.9893	0.9917	0.9899	
[0.05133238946053393, 0.801700642841022, 0.48514874867278396, 0.5234400288488005]	0.9774	0.9835	0.9872	0.9887	0.9901	0.9901	0.9911	0.9910	0.9901	0.9911	
[0.03280227475408777, 0.723128090432069, 0.3223839907718109, 0.44621503948783037]	0.9732	0.9805	0.9850	0.9855	0.9872	0.9889	0.9882	0.9898	0.9897	0.9897	
[0.1, 0.9, 0.2, 0.2]	0.9839	0.9876	0.9888	0.9912	0.9891	0.9917	0.9908	0.9912	0.9918	0.9916	
[0.024173714537167486, 0.6390418385849111, 0.45041942300613325, 0.5439802818578543]	0.9620	0.9747	0.9783	0.9828	0.9849	0.9851	0.9868	0.9861	0.9885	0.9885	
[0.06037168280134149, 0.850129172439385, 0.3808453340146085, 0.539022633712779]	0.9822	0.9850	0.9843	0.9879	0.9885	0.9885	0.9889	0.9901	0.9898	0.9899	
[0.09363687439711227, 0.7397932631689857, 0.27283255079576846, 0.35562130508366185]	0.9814	0.9869	0.9899	0.9885	0.9907	0.9910	0.9904	0.9919	0.9924	0.9907	
[0.07395907730377183, 0.8017060075997338, 0.20585252980097896, 0.6886844880715366]	0.9786	0.9830	0.9856	0.9875	0.9890	0.9890	0.9902	0.9895	0.9917	0.9895	
[0.07434052487024251, 0.7739648605341045, 0.3842937113217364, 0.26237103070044643]	0.9832	0.9864	0.9871	0.9897	0.9898	0.9915	0.9907	0.9917	0.9916	0.9914	
[0.09180879655535741, 0.808986594906298, 0.5871529470787029, 0.6248319228000216]	0.9782	0.9802	0.9856	0.9880	0.9881	0.9887	0.9880	0.9891	0.9894	0.9908	
[0.01912578872777717, 0.8410527745896189, 0.524316255753825, 0.5882823320730429]	0.9697	0.9794	0.9796	0.9840	0.9859	0.9860	0.9877	0.9876	0.9885	0.9894	
[0.06229203212362558, 0.8699153416055786, 0.31297483968538076, 0.6485183869956799]	0.9781	0.9854	0.9867	0.9883	0.9883	0.9877	0.9889	0.9901	0.9900	0.9907	
[0.0407691083112473, 0.6856988434470143, 0.2552234769172187, 0.5115522053248311]	0.9727	0.9820	0.9852	0.9865	0.9876	0.9883	0.9889	0.9900	0.9912	0.9901	
[0.07979756551435928, 0.8523965843972885, 0.47820777267932246, 0.2747521324414269]	0.9852	0.9876	0.9871	0.9902	0.9890	0.9891	0.9898	0.9910	0.9893	0.9911	
[0.04027200101155129, 0.7350079567644618, 0.45687745767377586, 0.2539893140980049]	0.9784	0.9853	0.9868	0.9886	0.9888	0.9912	0.9912	0.9920	0.9919	0.9911	
[0.07753123759638121, 0.6814326429405038, 0.6445661535951863, 0.2464693237782229]	0.9802	0.9866	0.9885	0.9887	0.9893	0.9895	0.9910	0.9912	0.9913	0.9923	
[0.032763755440172314, 0.6874330142508945, 0.6980114219292438, 0.307427880543527]	0.9735	0.9800	0.9838	0.9844	0.9868	0.9873	0.9892	0.9881	0.9894	0.9902	
[0.014764450635795942, 0.6797790954934161, 0.37898513236177633, 0.674739948222098]	0.9462	0.9652	0.9749	0.9785	0.9805	0.9829	0.9837	0.9840	0.9850	0.9866	
[0.08475201861460005, 0.7098336043931346, 0.38939914369052175, 0.3941279967498531]	0.9823	0.9890	0.9884	0.9895	0.9913	0.9913	0.9900	0.9918	0.9909	0.9914	
[0.023850988076565414, 0.6858313076125548, 0.6604045282081961, 0.6555452380646262]	0.9625	0.9756	0.9796	0.9807	0.9834	0.9842	0.9859	0.9860	0.9864	0.9872	
[0.0014182007407453519, 0.8487051537351302, 0.23631688325504452, 0.24026793126192963]	0.9294	0.9433	0.9523	0.9590	0.9619	0.9655	0.9687	0.9708	0.9727	0.9724	
[0.07514175711585727, 0.8893942792115791, 0.5954112589238942, 0.6475447640269605]	0.9750	0.9820	0.9840	0.9840	0.9851	0.9871	0.9877	0.9870	0.9888	0.9874	
[0.011461764920544515, 0.8645693090256132, 0.6396476410820242, 0.2776028196021501]	0.9681	0.9791	0.9835	0.9848	0.9874	0.9869	0.9876	0.9892	0.9887	0.9895	
[0.04140123128332972, 0.7489490845892127, 0.5708491960623945, 0.29187625204546724]	0.9795	0.9839	0.9867	0.9867	0.9890	0.9902	0.9897	0.9899	0.9899	0.9906	
[0.0847273923124156, 0.8956407498524301, 0.4391084326040813, 0.5871156439908176]	0.9813	0.9841	0.9863	0.9855	0.9886	0.9896	0.9879	0.9896	0.9911	0.9867	
[0.024812523238944416, 0.8767212950244061, 0.32775983473941117, 0.6475691889671519]	0.9776	0.9812	0.9853	0.9876	0.9885	0.9878	0.9896	0.9898	0.9900	0.9901	
[0.09721502477145495, 0.7613492735587927, 0.6515826981098147, 0.43787029096937546]	0.9784	0.9859	0.9867	0.9888	0.9869	0.9885	0.9895	0.9897	0.9911	0.9914	
[0.020097005776491362, 0.7688222500013471, 0.2715563263114963, 0.2545150765993625]	0.9719	0.9817	0.9841	0.9875	0.9877	0.9883	0.9890	0.9897	0.9897	0.9907	
[0.09400752952877017, 0.8929204110109404, 0.4591618172787775, 0.3478573440345254]	0.9819	0.9854	0.9883	0.9876	0.9874	0.9905	0.9905	0.9908	0.9897	0.9904	
[0.06116305532566529, 0.6528220660637682, 0.4046899856180315, 0.4970938907684593]	0.9774	0.9822	0.9837	0.9874	0.9893	0.9896	0.9909	0.9900	0.9898	0.9902	
[0.03232117990359681, 0.8883920208218464, 0.5587268104062069, 0.6001851219627303]	0.9787	0.9835	0.9852	0.9884	0.9873	0.9882	0.9887	0.9887	0.9889	0.9887	
[0.06331883778069469, 0.846842478898766, 0.4915804569774237, 0.5926083735893708]	0.9800	0.9840	0.9863	0.9872	0.9875	0.9885	0.9901	0.9881	0.9895	0.9904	
[0.09303199318889764, 0.8243144427813822, 0.5212376639479206, 0.2134246378949678]	0.9823	0.9853	0.9865	0.9900	0.9884	0.9897	0.9906	0.9876	0.9901	0.9910	
[0.04413983363875997, 0.783573765175873, 0.2642802958599333, 0.40980833578756204]	0.9792	0.9827	0.9881	0.9898	0.9893	0.9905	0.9901	0.9911	0.9915	0.9917	
[0.056929350132832866, 0.741863685383094, 0.5985970635956537, 0.5627952065594088]	0.9786	0.9845	0.9849	0.9853	0.9879	0.9881	0.9882	0.9892	0.9886	0.9898	
[0.009858628997336409, 0.6017126401806768, 0.22375451619366904, 0.6379090772993432]	0.9343	0.9536	0.9669	0.9708	0.9750	0.9779	0.9800	0.9815	0.9821	0.9821	
[0.03515533350650133, 0.8734488876252895, 0.47621341338401235, 0.6593467806336443]	0.9755	0.9811	0.9836	0.9861	0.9876	0.9882	0.9887	0.9884	0.9899	0.9898	
[0.03192197380557561, 0.700211552797206, 0.2323507302222279, 0.46281716226932307]	0.9731	0.9834	0.9843	0.9870	0.9895	0.9889	0.9894	0.9901	0.9897	0.9905	
[0.02193889565483364, 0.8914512849762541, 0.354160696824255, 0.5330227544163078]	0.9797	0.9848	0.9858	0.9879	0.9888	0.9898	0.9904	0.9905	0.9915	0.9895	
[0.016548419192292774, 0.8919682969947469, 0.49868837575296837, 0.3134995368689391]	0.9776	0.9854	0.9860	0.9877	0.9889	0.9903	0.9912	0.9898	0.9910	0.9910	
[0.07839956094542759, 0.8999388073506073, 0.601526247554029, 0.4827912978135703]	0.9768	0.9854	0.9871	0.9879	0.9866	0.9888	0.9898	0.9888	0.9898	0.9908	
[0.021419347319408616, 0.8577891834351716, 0.2990161106862794, 0.24027959486511996]	0.9804	0.9849	0.9872	0.9881	0.9899	0.9895	0.9915	0.9899	0.9914	0.9922	
[0.09749254849929907, 0.8076635907616927, 0.5282109376756895, 0.5218334110605165]	0.9824	0.9839	0.9869	0.9890	0.9883	0.9903	0.9894	0.9903	0.9916	0.9897	
[0.03007676740189512, 0.6902454644664126, 0.49196138166493103, 0.2595191740120283]	0.9740	0.9808	0.9845	0.9862	0.9876	0.9887	0.9891	0.9902	0.9907	0.9908	
[0.019513665118103197, 0.6488956339634531, 0.5465586240681162, 0.40040113001554734]	0.9620	0.9748	0.9804	0.9817	0.9854	0.9854	0.9870	0.9880	0.9877	0.9880	
[0.0886050616528879, 0.6382044692717217, 0.5755780592793909, 0.32332858599799996]	0.9791	0.9866	0.9887	0.9879	0.9902	0.9895	0.9904	0.9904	0.9905	0.9911	
[0.0896708319692179, 0.7334480097448868, 0.6079807740717926, 0.5516705344614917]	0.9795	0.9835	0.9858	0.9858	0.9865	0.9896	0.9894	0.9903	0.9907	0.9908	
[0.1, 0.8694455778868271, 0.45198353963844723, 0.337840155387112]	0.9814	0.9868	0.9871	0.9900	0.9897	0.9889	0.9899	0.9906	0.9908	0.9908	
[0.005175707991307397, 0.8706027456817667, 0.3601768934937869, 0.22994895814462973]	0.9501	0.9675	0.9772	0.9807	0.9827	0.9858	0.9866	0.9884	0.9880	0.9887	
[0.009359726626495622, 0.6126950618701119, 0.5894715053123871, 0.4156871730216902]	0.9303	0.9546	0.9662	0.9717	0.9751	0.9788	0.9796	0.9814	0.9838	0.9840	
[0.0545773356469112, 0.8147175593250399, 0.6748959803222085, 0.6015679694049216]	0.9760	0.9826	0.9856	0.9864	0.9874	0.9871	0.9874	0.9887	0.9892	0.9894	
[0.014143506455770012, 0.8175741531600003, 0.3049289259579457, 0.5842407361112978]	0.9670	0.9774	0.9824	0.9852	0.9846	0.9869	0.9873	0.9883	0.9891	0.9875	
[0.047666214314084035, 0.8943291519894354, 0.6894030098539432, 0.5566125270828943]	0.9791	0.9827	0.9845	0.9837	0.9876	0.9871	0.9861	0.9893	0.9890	0.9878	
[0.07075332085348876, 0.8634626155967615, 0.4494787395839459, 0.6109238744544039]	0.9812	0.9835	0.9861	0.9881	0.9888	0.9880	0.9904	0.9864	0.9906	0.9901	
[0.0271100555298998, 0.86190444399919, 0.6604219561701403, 0.6959756046782568]	0.9686	0.9777	0.9808	0.9829	0.9843	0.9850	0.9856	0.9865	0.9864	0.9861	
[0.0266323644955354, 0.6655196140815196, 0.48071395734955136, 0.3548043556867625]	0.9604	0.9753	0.9824	0.9836	0.9861	0.9881	0.9863	0.9890	0.9881	0.9893	
[0.0750119964915986, 0.8553051402681608, 0.5060746948742707, 0.6102845188923902]	0.9792	0.9844	0.9873	0.9872	0.9888	0.9891	0.9881	0.9893	0.9882	0.9908	
[0.03426934709769141, 0.6794067533844702, 0.5247247130225947, 0.6369108725674908]	0.9698	0.9792	0.9821	0.9843	0.9851	0.9875	0.9858	0.9872	0.9878	0.9879	
[0.05639430058286261, 0.8130259937018972, 0.4388012517594717, 0.530522405716102]	0.9794	0.9835	0.9860	0.9873	0.9884	0.9899	0.9895	0.9911	0.9895	0.9900	
[0.06527305373797805, 0.6732548314526808, 0.5767360503259326, 0.4523759777195004]	0.9768	0.9828	0.9867	0.9877	0.9899	0.9889	0.9908	0.9893	0.9890	0.9910	
[0.06539643297488627, 0.8417979239162612, 0.5661996102609275, 0.5571715360420624]	0.9816	0.9844	0.9862	0.9885	0.9868	0.9894	0.9905	0.9906	0.9904	0.9912	
[0.01920796235603235, 0.602516489382466, 0.43379950360964825, 0.6518612691085]	0.9471	0.9660	0.9738	0.9781	0.9808	0.9816	0.9825	0.9837	0.9846	0.9853	
[0.009405680949575997, 0.7094478834782729, 0.3963969035743544, 0.533341079934373]	0.9417	0.9652	0.9727	0.9773	0.9808	0.9827	0.9841	0.9857	0.9867	0.9879	
[0.06822297344029428, 0.7611684013929837, 0.4459331770786413, 0.250269329829191]	0.9818	0.9841	0.9884	0.9891	0.9903	0.9918	0.9913	0.9926	0.9919	0.9923	
[0.001, 0.6233303000379397, 0.5332128790513871, 0.2]	0.8369	0.8883	0.9028	0.9113	0.9225	0.9257	0.9320	0.9351	0.9400	0.9423	
[0.05995892559494591, 0.796923354924681, 0.5648445413734257, 0.4631275836749289]	0.9797	0.9835	0.9880	0.9890	0.9893	0.9900	0.9909	0.9912	0.9905	0.9917	
[0.019272929527587003, 0.8507267187177222, 0.42181735291306444, 0.5447062201684449]	0.9712	0.9810	0.9845	0.9862	0.9884	0.9884	0.9883	0.9889	0.9894	0.9900	
[0.06827686602700542, 0.8757320021680564, 0.6715285626437117, 0.5925466540861212]	0.9800	0.9841	0.9874	0.9887	0.9880	0.9881	0.9887	0.9877	0.9905	0.9893	
[0.0856065574474661, 0.8237255290510506, 0.45606878430321907, 0.557948659157507]	0.9807	0.9868	0.9864	0.9890	0.9867	0.9889	0.9888	0.9915	0.9897	0.9911	
[0.016097653329935253, 0.6976611521282939, 0.5869355204379401, 0.2195260472683545]	0.9642	0.9766	0.9810	0.9840	0.9862	0.9867	0.9879	0.9880	0.9898	0.9893	
[0.1, 0.9, 0.7, 0.2]	0.9836	0.9878	0.9880	0.9865	0.9888	0.9893	0.9880	0.9884	0.9898	0.9891	
[0.06447109623006123, 0.8208646632507621, 0.2913425891904146, 0.5487576355574295]	0.9784	0.9853	0.9870	0.9870	0.9890	0.9894	0.9902	0.9905	0.9900	0.9894	
[0.07819331793964739, 0.7254369852473623, 0.5198490991339766, 0.3231459641600886]	0.9819	0.9866	0.9874	0.9890	0.9902	0.9896	0.9909	0.9914	0.9918	0.9923	
[0.04348197424740249, 0.7984187811227494, 0.24069943707693242, 0.6260293109806729]	0.9773	0.9834	0.9859	0.9873	0.9883	0.9894	0.9896	0.9904	0.9896	0.9910	
[0.09646743111390152, 0.7867871692520225, 0.4165557099671866, 0.22439213252479628]	0.9822	0.9882	0.9900	0.9903	0.9907	0.9914	0.9914	0.9907	0.9908	0.9924	
[0.032997461741093144, 0.8375935655979376, 0.5544736045955956, 0.22010729008933116]	0.9782	0.9832	0.9889	0.9895	0.9887	0.9903	0.9904	0.9911	0.9919	0.9919	
[0.046804560114658944, 0.7280653540358345, 0.4119045246832211, 0.27345836077349756]	0.9794	0.9873	0.9867	0.9891	0.9894	0.9900	0.9904	0.9911	0.9914	0.9918	
[0.0023044923213615008, 0.8236403089319512, 0.5247897667870033, 0.27524075140647086]	0.9237	0.9436	0.9565	0.9646	0.9705	0.9737	0.9783	0.9797	0.9807	0.9826	
[0.06566453259028553, 0.8616527741172849, 0.538436855886885, 0.2259787725512668]	0.9823	0.9874	0.9893	0.9890	0.9897	0.9910	0.9898	0.9913	0.9920	0.9901	
[0.1, 0.8295616117014981, 0.4289186575636002, 0.36298999512827934]	0.9831	0.9850	0.9889	0.9909	0.9906	0.9902	0.9900	0.9921	0.9915	0.9921	
[0.0914041984602851, 0.600993549349606, 0.3097189158878429, 0.6071438956715905]	0.9723	0.9835	0.9860	0.9866	0.9885	0.9888	0.9899	0.9892	0.9902	0.9907	
[0.08493194786181611, 0.7322801925202365, 0.6903307032208008, 0.4655571067619289]	0.9766	0.9833	0.9857	0.9882	0.9877	0.9891	0.9898	0.9890	0.9894	0.9902	
[0.07472065131566465, 0.7716050772621588, 0.5749737288154029, 0.5401652040960463]	0.9788	0.9832	0.9865	0.9869	0.9884	0.9885	0.9886	0.9901	0.9882	0.9912	
[0.06951462683756736, 0.7430266943543754, 0.4261668535886004, 0.29119091615874065]	0.9816	0.9840	0.9887	0.9888	0.9908	0.9911	0.9911	0.9921	0.9921	0.9901	
[0.05720477787908698, 0.6896111141308144, 0.41982230294240475, 0.445873659222943]	0.9786	0.9843	0.9874	0.9868	0.9889	0.9892	0.9893	0.9897	0.9906	0.9904	
[0.05006783279892414, 0.6039590828516596, 0.6078928330399108, 0.6482286324526425]	0.9672	0.9767	0.9822	0.9828	0.9841	0.9855	0.9865	0.9869	0.9882	0.9885	
[0.09298415020567483, 0.6157026794346584, 0.6260910304075253, 0.512183246825604]	0.9785	0.9843	0.9852	0.9866	0.9876	0.9869	0.9881	0.9892	0.9908	0.9897	
[0.006415444850377818, 0.8690090529563681, 0.6284505247949206, 0.5804140283572871]	0.9540	0.9670	0.9730	0.9784	0.9818	0.9840	0.9855	0.9856	0.9867	0.9868	
[0.0962232558468613, 0.8050667430856293, 0.40508971841400065, 0.6246059893698978]	0.9814	0.9839	0.9871	0.9889	0.9892	0.9898	0.9902	0.9904	0.9915	0.9901	
[0.04701506766339954, 0.8405367423870199, 0.2670800776958646, 0.5253266734965261]	0.9804	0.9840	0.9881	0.9865	0.9899	0.9891	0.9902	0.9906	0.9891	0.9895	
[0.08240164979898049, 0.6281934085443316, 0.6085277209992438, 0.24489607794950208]	0.9813	0.9863	0.9898	0.9883	0.9900	0.9909	0.9905	0.9911	0.9912	0.9907	
[0.003405858031869992, 0.717109016961366, 0.2159032446827251, 0.3569802770742262]	0.9281	0.9458	0.9545	0.9609	0.9648	0.9674	0.9716	0.9751	0.9757	0.9773	
[0.03621877229246204, 0.6987914119349271, 0.6301214431729893, 0.2114895320498565]	0.9718	0.9833	0.9852	0.9875	0.9886	0.9898	0.9909	0.9907	0.9916	0.9906	
[0.043989549266894745, 0.7089644966230895, 0.4152833688219567, 0.23460525427528162]	0.9771	0.9842	0.9881	0.9894	0.9893	0.9902	0.9907	0.9905	0.9905	0.9920	
[0.012676336279163262, 0.6146835258868018, 0.5336281688863804, 0.6910960847722161]	0.9406	0.9627	0.9704	0.9740	0.9778	0.9799	0.9816	0.9823	0.9829	0.9838	
[0.09903089372869568, 0.7459360221018546, 0.20507989960871909, 0.5733559797868989]	0.9816	0.9855	0.9858	0.9900	0.9904	0.9870	0.9901	0.9908	0.9899	0.9906	
[0.04219896402582777, 0.7812141223875241, 0.432685853112753, 0.23864905118027063]	0.9802	0.9876	0.9874	0.9897	0.9899	0.9892	0.9912	0.9912	0.9915	0.9922	
[0.07317880025671605, 0.6856195938351592, 0.6238471144232457, 0.5492310861805682]	0.9792	0.9839	0.9847	0.9878	0.9882	0.9881	0.9882	0.9891	0.9899	0.9910	
[0.06848677938099511, 0.7674891527579337, 0.46654921273466654, 0.6133339182181277]	0.9705	0.9842	0.9858	0.9870	0.9883	0.9893	0.9887	0.9897	0.9888	0.9906	
[0.09376062209357906, 0.709980874765574, 0.3703472329381574, 0.5653482130849016]	0.9773	0.9824	0.9867	0.9875	0.9883	0.9895	0.9903	0.9892	0.9904	0.9901	
[0.03987086034058522, 0.6228675697587427, 0.4987187561558156, 0.3599322172555546]	0.9722	0.9826	0.9842	0.9877	0.9872	0.9882	0.9895	0.9888	0.9893	0.9892	
[0.058749176017192144, 0.7932042564732065, 0.4327352250911459, 0.6666725277136335]	0.9776	0.9828	0.9866	0.9870	0.9880	0.9879	0.9884	0.9887	0.9893	0.9893	
[0.012501655564127426, 0.6948998268628755, 0.6383989809721871, 0.30763663387731116]	0.9522	0.9699	0.9770	0.9794	0.9812	0.9834	0.9850	0.9855	0.9863	0.9870	
[0.03490837398265105, 0.7994805865451912, 0.3043813969057859, 0.3019377784827125]	0.9773	0.9826	0.9869	0.9895	0.9894	0.9896	0.9896	0.9898	0.9899	0.9911	
[0.024040712734361522, 0.6484899180069725, 0.5947587253983995, 0.6813132831107109]	0.9595	0.9723	0.9782	0.9803	0.9820	0.9841	0.9846	0.9846	0.9852	0.9868	
[0.057399885010934716, 0.6084577337077313, 0.28374253813998374, 0.5243027694160265]	0.9768	0.9834	0.9854	0.9876	0.9870	0.9883	0.9898	0.9890	0.9895	0.9895	
[0.018375312095122377, 0.8030561393585358, 0.5776636053930395, 0.6679649162708527]	0.9684	0.9776	0.9812	0.9835	0.9858	0.9866	0.9868	0.9874	0.9875	0.9885	
[0.0836433663114835, 0.6536464840923495, 0.5051560892854674, 0.5359504128148067]	0.9769	0.9846	0.9865	0.9876	0.9882	0.9892	0.9897	0.9899	0.9915	0.9913	
[0.03559662442095513, 0.708776104306216, 0.46325457157864786, 0.28051337039586044]	0.9753	0.9830	0.9849	0.9880	0.9883	0.9888	0.9908	0.9903	0.9915	0.9906	
[0.0657034172143218, 0.8171056040759861, 0.2854571288962172, 0.5641330901635586]	0.9801	0.9854	0.9861	0.9876	0.9887	0.9892	0.9882	0.9911	0.9910	0.9902	
[0.043993639271162184, 0.6110224744114495, 0.6086880642051999, 0.44943326519405613]	0.9743	0.9812	0.9834	0.9857	0.9866	0.9878	0.9886	0.9893	0.9905	0.9902	
[0.021251467576750935, 0.6319333130093158, 0.36279233876968886, 0.21233810521463264]	0.9633	0.9787	0.9823	0.9861	0.9865	0.9876	0.9885	0.9890	0.9895	0.9892	
[0.025884717955979932, 0.6149673420263705, 0.22958597573760098, 0.4457052383578197]	0.9627	0.9778	0.9829	0.9847	0.9850	0.9866	0.9889	0.9884	0.9886	0.9887	
[0.08065744985035343, 0.7732170005514973, 0.3294332660226166, 0.39789495518846685]	0.9811	0.9857	0.9880	0.9886	0.9878	0.9896	0.9910	0.9908	0.9913	0.9906	
[0.0851720384819954, 0.6378787252738176, 0.4759214716770259, 0.27515471692095855]	0.9792	0.9858	0.9877	0.9898	0.9903	0.9906	0.9909	0.9912	0.9908	0.9911	
[0.03844433054596343, 0.7941288207189993, 0.2437604856124823, 0.6456156049724472]	0.9762	0.9821	0.9860	0.9878	0.9877	0.9876	0.9893	0.9888	0.9891	0.9905	
[0.07866618094114831, 0.7030520704582851, 0.25449460159233284, 0.30693928766638323]	0.9816	0.9860	0.9890	0.9899	0.9895	0.9906	0.9905	0.9901	0.9916	0.9914	
[0.08798475108858686, 0.7886539771793815, 0.3035123037306078, 0.23553250284129507]	0.9843	0.9870	0.9899	0.9896	0.9902	0.9918	0.9907	0.9916	0.9916	0.9904	
[0.0030526661324895735, 0.6788850646541946, 0.41456094755309814, 0.39240678343096624]	0.9056	0.9288	0.9443	0.9505	0.9546	0.9611	0.9645	0.9680	0.9696	0.9722	
[0.05610452953348761, 0.7979299877255688, 0.49640593001518174, 0.42334054241601216]	0.9781	0.9835	0.9872	0.9889	0.9905	0.9889	0.9912	0.9890	0.9914	0.9919	
[0.06771676635778112, 0.7961290720441814, 0.5010863998540235, 0.5763031635345495]	0.9796	0.9858	0.9868	0.9872	0.9869	0.9892	0.9896	0.9903	0.9896	0.9900	
[0.1, 0.9, 0.4834677105956803, 0.30750214585552993]	0.9832	0.9876	0.9880	0.9901	0.9898	0.9880	0.9888	0.9894	0.9921	0.9905	
[0.0813318439801266, 0.6969114676689452, 0.326857265929141, 0.6603751309361441]	0.9782	0.9829	0.9875	0.9876	0.9887	0.9883	0.9885	0.9893	0.9902	0.9900	
[0.05259796311922464, 0.7730728729276719, 0.29681134732149267, 0.27859323790966745]	0.9818	0.9857	0.9888	0.9900	0.9903	0.9893	0.9894	0.9905	0.9917	0.9913	
[0.09633339569232363, 0.6729248158824238, 0.3303991967931966, 0.5357831332018054]	0.9779	0.9853	0.9862	0.9876	0.9891	0.9887	0.9893	0.9899	0.9908	0.9915	
[0.059918886386504555, 0.8984744118193857, 0.42872605438396905, 0.5802858174136641]	0.9803	0.9836	0.9874	0.9878	0.9889	0.9897	0.9892	0.9900	0.9895	0.9908	
