[0.09712920192933279, 0.7899285119434493, 0.4203020654012735, 0.2929660976654679]	0.9813	0.9873	0.9891	0.9882	0.9898	0.9891	0.9892	0.9909	0.9906	0.9920	
[0.04424641669192537, 0.7434414711796473, 0.4077687834200738, 0.2422204349331252]	0.9806	0.9849	0.9863	0.9883	0.9880	0.9901	0.9897	0.9921	0.9908	0.9910	
[0.008947028737313524, 0.6, 0.5924203088553587, 0.2]	0.9403	0.9602	0.9718	0.9757	0.9775	0.9804	0.9821	0.9824	0.9832	0.9842	
[0.1, 0.7072375979249642, 0.5229382059085169, 0.39325759479168065]	0.9814	0.9857	0.9862	0.9887	0.9902	0.9912	0.9888	0.9911	0.9904	0.9916	
[0.03914279818334824, 0.9, 0.2, 0.625880496429906]	0.9820	0.9852	0.9849	0.9886	0.9890	0.9888	0.9895	0.9906	0.9895	0.9905	
[0.1, 0.6, 0.4557865916427042, 0.6004848681382403]	0.9779	0.9819	0.9850	0.9869	0.9875	0.9897	0.9884	0.9904	0.9900	0.9896	
[0.09797444309513266, 0.6474599685234104, 0.5583045934213583, 0.677063922961945]	0.9763	0.9826	0.9859	0.9863	0.9864	0.9884	0.9876	0.9877	0.9887	0.9884	
[0.01643023332999529, 0.7900731312085355, 0.6829255474237063, 0.5401701508501641]	0.9621	0.9759	0.9793	0.9836	0.9837	0.9852	0.9854	0.9875	0.9877	0.9879	
[0.07922103637409691, 0.9, 0.654222063375358, 0.47360307200118845]	0.9789	0.9869	0.9847	0.9867	0.9871	0.9867	0.9899	0.9885	0.9890	0.9887	
[0.0515822929594819, 0.7530284778579265, 0.6890008108562362, 0.6582605981846605]	0.9730	0.9794	0.9823	0.9849	0.9852	0.9876	0.9868	0.9875	0.9878	0.9886	
[0.09191810006785782, 0.9, 0.2, 0.6784631555205066]	0.9819	0.9837	0.9863	0.9861	0.9883	0.9876	0.9865	0.9862	0.9876	0.9895	
[0.05365581486516347, 0.6391525935745765, 0.3979469420806447, 0.2]	0.9796	0.9829	0.9871	0.9893	0.9904	0.9905	0.9916	0.9904	0.9914	0.9909	
[0.09667760887471466, 0.6, 0.30420684604220577, 0.44509637608811886]	0.9811	0.9852	0.9875	0.9892	0.9895	0.9902	0.9910	0.9905	0.9904	0.9908	
[0.1, 0.8878041229816884, 0.619243776946015, 0.5387054013099689]	0.9753	0.9793	0.9831	0.9845	0.9867	0.9878	0.9849	0.9860	0.9869	0.9898	
[0.07006005970559018, 0.7067514197146232, 0.28744499366841136, 0.3429131948555739]	0.9805	0.9860	0.9896	0.9878	0.9904	0.9914	0.9921	0.9905	0.9914	0.9914	
[0.1, 0.6, 0.5148272059121092, 0.2]	0.9825	0.9880	0.9900	0.9905	0.9916	0.9908	0.9920	0.9914	0.9910	0.9925	
[0.012742299093796197, 0.6, 0.5674573924150783, 0.7]	0.9431	0.9602	0.9676	0.9721	0.9761	0.9781	0.9803	0.9820	0.9823	0.9837	
[0.02027746557149316, 0.6539344266071997, 0.5653681380443597, 0.36355606301669546]	0.9591	0.9753	0.9803	0.9843	0.9857	0.9868	0.9872	0.9878	0.9883	0.9884	
[0.001, 0.8692927482905706, 0.6999183599655302, 0.25736489647962324]	0.8894	0.9185	0.9332	0.9444	0.9526	0.9555	0.9596	0.9624	0.9658	0.9680	
[0.02084800308241686, 0.8385119242507614, 0.5379878595539177, 0.559809191881744]	0.9728	0.9810	0.9860	0.9871	0.9876	0.9885	0.9895	0.9888	0.9898	0.9904	
[0.1, 0.9, 0.2, 0.2]	0.9834	0.9865	0.9868	0.9863	0.9894	0.9887	0.9894	0.9898	0.9904	0.9875	
[0.001, 0.6316607776581505, 0.2, 0.44025198754236217]	0.8625	0.8994	0.9135	0.9215	0.9279	0.9322	0.9367	0.9395	0.9430	0.9455	
[0.001, 0.8812205329327145, 0.4366849916111482, 0.23719525119885668]	0.9116	0.9330	0.9446	0.9517	0.9566	0.9607	0.9648	0.9666	0.9701	0.9721	
[0.001, 0.6, 0.6386663234654938, 0.37272537572938347]	0.8391	0.8810	0.8999	0.9091	0.9176	0.9218	0.9278	0.9300	0.9335	0.9366	
[0.1, 0.6105462909533266, 0.2, 0.2]	0.9794	0.9834	0.9870	0.9878	0.9895	0.9894	0.9897	0.9907	0.9900	0.9898	
[0.00903542783151228, 0.8303622548101879, 0.6061545415570115, 0.2]	0.9642	0.9743	0.9806	0.9830	0.9841	0.9856	0.9872	0.9875	0.9882	0.9884	
[0.0231851781832481, 0.7980424830398029, 0.6838027726763761, 0.2]	0.9750	0.9823	0.9855	0.9865	0.9876	0.9881	0.9885	0.9902	0.9911	0.9916	
[0.025307489395396145, 0.6161108060424942, 0.5204372836929627, 0.6021532244424239]	0.9630	0.9742	0.9793	0.9816	0.9837	0.9852	0.9854	0.9853	0.9863	0.9870	
[0.011253957186277194, 0.6, 0.7, 0.45934973932662293]	0.9406	0.9617	0.9689	0.9745	0.9763	0.9804	0.9819	0.9829	0.9837	0.9846	
[0.1, 0.6, 0.2339228411225838, 0.6801197921096912]	0.9779	0.9842	0.9867	0.9880	0.9878	0.9880	0.9887	0.9890	0.9902	0.9894	
[0.001, 0.6, 0.6312486511872533, 0.6885413039831262]	0.7778	0.8424	0.8785	0.8975	0.9084	0.9185	0.9263	0.9320	0.9354	0.9397	
[0.04722278797265153, 0.7420764642690412, 0.4273161510749943, 0.24023354440900452]	0.9810	0.9859	0.9888	0.9899	0.9899	0.9909	0.9904	0.9901	0.9905	0.9906	
[0.001, 0.6, 0.6298818712473833, 0.46960250261721215]	0.7810	0.8557	0.8857	0.8986	0.9098	0.9164	0.9227	0.9292	0.9329	0.9374	
[0.0888100266448089, 0.6202220239179277, 0.636293203434609, 0.3923814291960572]	0.9765	0.9836	0.9844	0.9870	0.9895	0.9886	0.9897	0.9906	0.9905	0.9897	
[0.08616334236229209, 0.6897025280346257, 0.23596907860645103, 0.7]	0.9754	0.9807	0.9831	0.9875	0.9884	0.9891	0.9889	0.9893	0.9888	0.9903	
[0.05968500961474923, 0.9, 0.6179274799614228, 0.3266888390373853]	0.9810	0.9856	0.9885	0.9894	0.9912	0.9901	0.9918	0.9906	0.9910	0.9923	
[0.06622366382947026, 0.9, 0.3190820041559385, 0.260552018287805]	0.9860	0.9869	0.9896	0.9915	0.9920	0.9915	0.9907	0.9905	0.9908	0.9917	
[0.001, 0.8572755083838969, 0.5298253413231804, 0.2956104268208918]	0.9030	0.9227	0.9325	0.9401	0.9463	0.9541	0.9578	0.9624	0.9652	0.9682	
[0.030223218977296365, 0.6436417837692444, 0.7, 0.5022882575858244]	0.9633	0.9775	0.9815	0.9835	0.9839	0.9862	0.9866	0.9884	0.9876	0.9872	
[0.1, 0.771840128521578, 0.5170391512306375, 0.7]	0.9790	0.9788	0.9855	0.9872	0.9882	0.9891	0.9883	0.9888	0.9900	0.9906	
[0.001, 0.7879302448168224, 0.5698193953420263, 0.45339989583475226]	0.8866	0.9113	0.9271	0.9349	0.9424	0.9489	0.9522	0.9565	0.9594	0.9614	
[0.043981157789426156, 0.7174085802805584, 0.6606705557521482, 0.6329508668959408]	0.9703	0.9809	0.9814	0.9844	0.9840	0.9854	0.9875	0.9870	0.9868	0.9880	
[0.1, 0.6, 0.35229172260703334, 0.7]	0.9756	0.9778	0.9855	0.9857	0.9866	0.9859	0.9875	0.9877	0.9892	0.9895	
[0.001, 0.7056214650949058, 0.5365386927140363, 0.6213184085898638]	0.8175	0.8802	0.9008	0.9126	0.9215	0.9260	0.9310	0.9358	0.9403	0.9442	
[0.08009101021368699, 0.67975266636336, 0.24049355996377525, 0.599650974359014]	0.9782	0.9849	0.9858	0.9876	0.9896	0.9902	0.9896	0.9882	0.9903	0.9905	
[0.07683998613697254, 0.616048039707893, 0.2633916598091653, 0.6518611563269927]	0.9776	0.9828	0.9856	0.9864	0.9874	0.9890	0.9910	0.9908	0.9904	0.9909	
[0.01912071686906963, 0.7571922240406539, 0.7, 0.47954913834251256]	0.9636	0.9741	0.9792	0.9831	0.9860	0.9866	0.9868	0.9883	0.9876	0.9885	
[0.030258241537280295, 0.8003570316945826, 0.6906060838804202, 0.3879711410469711]	0.9758	0.9823	0.9852	0.9862	0.9880	0.9878	0.9886	0.9905	0.9900	0.9915	
[0.04441813186081091, 0.6304516635305054, 0.5765006056875024, 0.6362542896560087]	0.9695	0.9792	0.9823	0.9846	0.9855	0.9872	0.9879	0.9872	0.9873	0.9884	
[0.1, 0.645009117028375, 0.5372864484227945, 0.2]	0.9814	0.9858	0.9899	0.9884	0.9913	0.9902	0.9910	0.9908	0.9921	0.9907	
[0.057204779237508774, 0.6896111369132996, 0.4198223054409027, 0.4458736479282379]	0.9786	0.9851	0.9869	0.9872	0.9884	0.9883	0.9889	0.9888	0.9901	0.9894	
[0.003727239964398038, 0.6203251503203259, 0.378022444106395, 0.7]	0.9024	0.9291	0.9422	0.9496	0.9551	0.9605	0.9640	0.9666	0.9691	0.9703	
[0.001, 0.6, 0.6010006449260409, 0.6099561926582862]	0.7910	0.8643	0.8878	0.9019	0.9129	0.9211	0.9256	0.9296	0.9341	0.9384	
[0.0014054573588443788, 0.7626147674072041, 0.5046012718348908, 0.20986612337760024]	0.8982	0.9173	0.9286	0.9385	0.9444	0.9492	0.9536	0.9590	0.9625	0.9651	
[0.009301989496908953, 0.9, 0.2, 0.6834157944750799]	0.9643	0.9782	0.9829	0.9833	0.9851	0.9877	0.9874	0.9882	0.9878	0.9883	
[0.021251467987895012, 0.631933331489563, 0.36279234290122986, 0.21233810484409332]	0.9631	0.9789	0.9822	0.9854	0.9863	0.9866	0.9884	0.9892	0.9902	0.9892	
[0.07631454172504369, 0.9, 0.2, 0.2]	0.9866	0.9874	0.9889	0.9890	0.9905	0.9888	0.9893	0.9905	0.9892	0.9887	
[0.08753232051530678, 0.6, 0.5647533004622719, 0.34814585251577007]	0.9781	0.9852	0.9873	0.9870	0.9882	0.9881	0.9895	0.9906	0.9900	0.9907	
[0.09648694097995758, 0.8429437875747681, 0.6970072984695435, 0.498183012008667]	0.9771	0.9814	0.9859	0.9874	0.9877	0.9862	0.9882	0.9887	0.9895	0.9900	
[0.0038875767780312096, 0.9, 0.236263488239977, 0.44370252306158264]	0.9505	0.9688	0.9771	0.9799	0.9819	0.9841	0.9847	0.9860	0.9868	0.9875	
[0.1, 0.8966578334416639, 0.24720402480427725, 0.5670742085498912]	0.9806	0.9849	0.9862	0.9900	0.9876	0.9881	0.9876	0.9861	0.9902	0.9899	
[0.06154865077287322, 0.7517937641277912, 0.368469178605248, 0.6893960902162368]	0.9751	0.9827	0.9859	0.9874	0.9871	0.9883	0.9875	0.9887	0.9896	0.9906	
[0.08826531050072486, 0.7317417441933887, 0.4267743310199853, 0.7]	0.9776	0.9834	0.9865	0.9868	0.9880	0.9882	0.9884	0.9896	0.9899	0.9896	
[0.0702342398283568, 0.6172196372639763, 0.38431970864470894, 0.20776327310165482]	0.9791	0.9849	0.9880	0.9891	0.9895	0.9901	0.9897	0.9913	0.9911	0.9904	
[0.032321181148290634, 0.8883920311927795, 0.5587267875671387, 0.6001850962638855]	0.9780	0.9830	0.9862	0.9891	0.9875	0.9879	0.9896	0.9889	0.9895	0.9895	
[0.039221931709391186, 0.8976617199579425, 0.7, 0.7]	0.9751	0.9825	0.9824	0.9861	0.9861	0.9868	0.9880	0.9887	0.9880	0.9887	
[0.001, 0.6, 0.7, 0.7]	0.6781	0.8119	0.8619	0.8832	0.9004	0.9117	0.9188	0.9243	0.9285	0.9341	
[0.06854432628678225, 0.692560723788415, 0.4625987831022536, 0.4404823143270314]	0.9794	0.9837	0.9862	0.9875	0.9881	0.9899	0.9908	0.9904	0.9909	0.9911	
[0.07007203495998006, 0.7891255197336943, 0.48733043713773966, 0.5330737714907688]	0.9822	0.9867	0.9862	0.9888	0.9900	0.9899	0.9913	0.9905	0.9905	0.9919	
[0.001, 0.6682683929105313, 0.2699940639015488, 0.6202047853724391]	0.8661	0.8979	0.9125	0.9209	0.9279	0.9300	0.9355	0.9396	0.9423	0.9443	
[0.0009999999999999992, 0.6589472023987536, 0.4657100096525858, 0.20770701864775237]	0.8619	0.8969	0.9148	0.9226	0.9293	0.9353	0.9389	0.9422	0.9459	0.9486	
[0.08000064857888839, 0.6591019074278078, 0.45107924049505466, 0.6495368102838538]	0.9777	0.9835	0.9847	0.9874	0.9885	0.9874	0.9905	0.9902	0.9901	0.9897	
[0.1, 0.6427291595885447, 0.2, 0.591352373246905]	0.9787	0.9838	0.9862	0.9868	0.9881	0.9902	0.9891	0.9902	0.9900	0.9908	
[0.09989772789001027, 0.8935352767601149, 0.4194934564025808, 0.7]	0.9712	0.9815	0.9806	0.9832	0.9831	0.9868	0.9863	0.9864	0.9860	0.9880	
[0.1, 0.9, 0.2214241007082523, 0.2]	0.9830	0.9881	0.9851	0.9873	0.9879	0.9908	0.9886	0.9906	0.9888	0.9911	
[0.001, 0.9, 0.6556905109792295, 0.2]	0.9040	0.9310	0.9451	0.9538	0.9609	0.9655	0.9695	0.9733	0.9748	0.9756	
[0.1, 0.9, 0.26410128986910164, 0.2]	0.9800	0.9861	0.9892	0.9891	0.9879	0.9908	0.9903	0.9903	0.9907	0.9909	
[0.001, 0.6, 0.7, 0.6999546477722748]	0.7145	0.8225	0.8604	0.8801	0.8950	0.9069	0.9151	0.9224	0.9280	0.9316	
[0.1, 0.6, 0.29189315276767147, 0.5361784256367383]	0.9776	0.9830	0.9864	0.9882	0.9880	0.9886	0.9909	0.9897	0.9904	0.9908	
[0.001, 0.7850027842911951, 0.366672603362161, 0.7]	0.8707	0.9044	0.9196	0.9281	0.9361	0.9416	0.9461	0.9502	0.9541	0.9565	
[0.09303199499845505, 0.8243144154548645, 0.5212376713752747, 0.21342463791370392]	0.9824	0.9859	0.9869	0.9883	0.9889	0.9884	0.9886	0.9913	0.9903	0.9916	
[0.07967926133893045, 0.8674589821320036, 0.27305602957431135, 0.648633464588468]	0.9813	0.9838	0.9859	0.9874	0.9877	0.9874	0.9887	0.9899	0.9892	0.9894	
[0.018747598405767212, 0.716848381679617, 0.37681155547579875, 0.5850200255649354]	0.9566	0.9740	0.9798	0.9828	0.9838	0.9853	0.9866	0.9872	0.9878	0.9872	
[0.001, 0.8723642722513459, 0.6422650554773244, 0.5719261199603796]	0.8804	0.9154	0.9305	0.9412	0.9493	0.9549	0.9584	0.9620	0.9639	0.9660	
[0.1, 0.6, 0.659512070949375, 0.6114508355317845]	0.9723	0.9820	0.9839	0.9849	0.9868	0.9880	0.9889	0.9887	0.9900	0.9898	
[0.001, 0.9, 0.7, 0.2]	0.8993	0.9295	0.9453	0.9541	0.9604	0.9649	0.9685	0.9711	0.9730	0.9748	
[0.05150214062930988, 0.8760780846061637, 0.4465196049381297, 0.5021027379490511]	0.9837	0.9854	0.9880	0.9888	0.9887	0.9891	0.9900	0.9902	0.9898	0.9917	
[0.001, 0.6452036399144954, 0.4560879120432834, 0.2]	0.8638	0.8964	0.9111	0.9207	0.9270	0.9330	0.9360	0.9402	0.9436	0.9455	
[0.029584318525252024, 0.6968594782207377, 0.3969499630358519, 0.6522831699528802]	0.9680	0.9802	0.9817	0.9855	0.9851	0.9874	0.9881	0.9880	0.9880	0.9886	
[0.028633581007046032, 0.7043347373721343, 0.2, 0.44898240682352536]	0.9724	0.9804	0.9834	0.9862	0.9872	0.9886	0.9895	0.9896	0.9905	0.9900	
[0.057462434724141385, 0.6160790843834582, 0.2279043174145185, 0.2]	0.9785	0.9843	0.9857	0.9879	0.9903	0.9894	0.9908	0.9882	0.9905	0.9901	
[0.05367233111463538, 0.8398182054898338, 0.6002989469613997, 0.25927389971263326]	0.9817	0.9864	0.9887	0.9897	0.9897	0.9911	0.9900	0.9907	0.9919	0.9927	
[0.013529075254561387, 0.7379532002785718, 0.29909285474212605, 0.23497463057469833]	0.9606	0.9742	0.9792	0.9816	0.9856	0.9864	0.9869	0.9892	0.9884	0.9896	
[0.09897586410203753, 0.8326149211509583, 0.652291487687157, 0.3238916649657528]	0.9792	0.9854	0.9885	0.9891	0.9890	0.9893	0.9897	0.9899	0.9919	0.9911	
[0.01564881635632477, 0.6778798864593252, 0.6690328219965591, 0.5818912523445859]	0.9532	0.9698	0.9748	0.9783	0.9795	0.9810	0.9832	0.9858	0.9851	0.9862	
[0.01349582941690688, 0.8999655138091246, 0.6290914520280207, 0.3205708571203972]	0.9733	0.9831	0.9860	0.9876	0.9890	0.9896	0.9899	0.9901	0.9909	0.9911	
[0.1, 0.6152652563171346, 0.5713710220076339, 0.6839158702592282]	0.9732	0.9819	0.9849	0.9854	0.9855	0.9879	0.9881	0.9893	0.9877	0.9889	
[0.0026525749007963837, 0.9, 0.2, 0.2]	0.9436	0.9648	0.9739	0.9790	0.9811	0.9832	0.9836	0.9852	0.9853	0.9861	
[0.001, 0.7266042338857968, 0.27482756241589407, 0.23571636185268266]	0.8779	0.9111	0.9250	0.9330	0.9395	0.9446	0.9490	0.9508	0.9536	0.9560	
[0.09538457249336109, 0.6, 0.6191824225805218, 0.20435558303401036]	0.9783	0.9855	0.9864	0.9897	0.9905	0.9906	0.9916	0.9913	0.9905	0.9917	
[0.001, 0.8389042033071064, 0.2408495852406085, 0.25959062517071496]	0.9063	0.9305	0.9412	0.9470	0.9543	0.9548	0.9604	0.9649	0.9673	0.9680	
[0.008360146030269616, 0.8269709477325289, 0.24006143789144221, 0.3582973500171213]	0.9539	0.9723	0.9789	0.9809	0.9828	0.9854	0.9856	0.9872	0.9883	0.9883	
[0.001, 0.7021370096547088, 0.2, 0.6560220208794533]	0.8669	0.9042	0.9163	0.9253	0.9306	0.9356	0.9393	0.9429	0.9455	0.9493	
[0.09892731522012896, 0.8488863491850376, 0.30408885883598635, 0.2]	0.9812	0.9880	0.9854	0.9901	0.9887	0.9896	0.9900	0.9897	0.9889	0.9898	
[0.059935229714716896, 0.8757974493747682, 0.3639738293252116, 0.3327289197055575]	0.9827	0.9865	0.9895	0.9893	0.9898	0.9904	0.9916	0.9912	0.9923	0.9909	
[0.052174188764139144, 0.7981146063942789, 0.694471544758497, 0.2]	0.9793	0.9835	0.9860	0.9899	0.9896	0.9902	0.9896	0.9914	0.9906	0.9917	
[0.056793875400649, 0.9, 0.6285751516692668, 0.5055269884538394]	0.9786	0.9845	0.9848	0.9892	0.9880	0.9885	0.9908	0.9894	0.9892	0.9886	
[0.1, 0.7403618518840637, 0.2, 0.23331451331480682]	0.9800	0.9866	0.9880	0.9890	0.9905	0.9903	0.9900	0.9926	0.9907	0.9900	
[0.07432987226781629, 0.879380510931332, 0.214805297377468, 0.3357819459402971]	0.9821	0.9862	0.9879	0.9908	0.9895	0.9903	0.9899	0.9901	0.9895	0.9903	
[0.021040505134164764, 0.6812595860358902, 0.7, 0.2242153695116991]	0.9625	0.9769	0.9810	0.9849	0.9852	0.9872	0.9889	0.9896	0.9898	0.9904	
[0.1, 0.6128800094400052, 0.7, 0.2]	0.9802	0.9859	0.9863	0.9860	0.9904	0.9900	0.9897	0.9901	0.9920	0.9918	
[0.07689395479552634, 0.6421084629373539, 0.5314760921581745, 0.6648051507583775]	0.9742	0.9815	0.9845	0.9860	0.9875	0.9887	0.9875	0.9877	0.9897	0.9897	
[0.001, 0.6, 0.5342807644821647, 0.42710868949484304]	0.8245	0.8783	0.8935	0.9053	0.9121	0.9166	0.9225	0.9264	0.9308	0.9343	
[0.03601539305337164, 0.7021957945881124, 0.6898942852368423, 0.6499924797001628]	0.9653	0.9770	0.9791	0.9825	0.9844	0.9859	0.9861	0.9863	0.9871	0.9880	
[0.05259270575216763, 0.8827587699784749, 0.2, 0.7]	0.9802	0.9845	0.9826	0.9849	0.9851	0.9883	0.9898	0.9874	0.9895	0.9895	
[0.1, 0.9, 0.5254000381410835, 0.2]	0.9834	0.9865	0.9884	0.9875	0.9877	0.9888	0.9883	0.9902	0.9915	0.9911	
[0.08375672729433656, 0.6, 0.2, 0.2926264005029745]	0.9808	0.9850	0.9877	0.9884	0.9893	0.9894	0.9890	0.9892	0.9904	0.9911	
[0.015439894911565655, 0.6674753794864611, 0.24988546763226913, 0.3405112662195158]	0.9644	0.9758	0.9796	0.9828	0.9848	0.9855	0.9851	0.9867	0.9880	0.9877	
[0.013128518369835501, 0.7624815646708374, 0.2309094133085204, 0.5385005516154265]	0.9539	0.9704	0.9777	0.9810	0.9839	0.9834	0.9861	0.9867	0.9877	0.9881	
[0.09779502295962865, 0.8133594916505479, 0.2, 0.292828613774325]	0.9820	0.9869	0.9887	0.9894	0.9889	0.9902	0.9909	0.9904	0.9916	0.9910	
[0.07201039559447303, 0.8139151012229282, 0.2510301395670863, 0.607481135278748]	0.9789	0.9840	0.9851	0.9896	0.9892	0.9890	0.9900	0.9898	0.9919	0.9898	
[0.1, 0.6, 0.7, 0.46793705628998267]	0.9769	0.9826	0.9852	0.9850	0.9879	0.9893	0.9886	0.9895	0.9908	0.9909	
[0.015499800261232856, 0.7655708755882233, 0.2, 0.4212312969604921]	0.9674	0.9794	0.9831	0.9855	0.9868	0.9871	0.9870	0.9870	0.9890	0.9905	
[0.06420982756136656, 0.60795371686911, 0.21599417004683616, 0.42476321216634133]	0.9761	0.9824	0.9865	0.9870	0.9877	0.9897	0.9892	0.9897	0.9906	0.9908	
[0.001, 0.6, 0.7, 0.39475160687735905]	0.8085	0.8690	0.8861	0.8988	0.9089	0.9157	0.9227	0.9293	0.9348	0.9378	
[0.1, 0.6040765864938216, 0.49486192329034157, 0.35886139429477437]	0.9808	0.9841	0.9887	0.9889	0.9898	0.9893	0.9888	0.9923	0.9907	0.9906	
[0.06445068064764185, 0.6882414546471294, 0.2808985289150083, 0.5921384176914437]	0.9749	0.9819	0.9856	0.9879	0.9897	0.9886	0.9898	0.9902	0.9905	0.9899	
[0.0668118810380237, 0.6, 0.5135775495322495, 0.5437684937443815]	0.9742	0.9813	0.9857	0.9876	0.9865	0.9872	0.9875	0.9903	0.9896	0.9896	
[0.001, 0.9, 0.26695743624521834, 0.5200171076059408]	0.9155	0.9342	0.9461	0.9553	0.9594	0.9651	0.9672	0.9698	0.9718	0.9739	
[0.010623764384079998, 0.6, 0.7, 0.6823235255384785]	0.9224	0.9489	0.9610	0.9665	0.9700	0.9720	0.9739	0.9761	0.9785	0.9806	
[0.043105137314163544, 0.8551284858795529, 0.2, 0.2]	0.9839	0.9876	0.9892	0.9887	0.9907	0.9900	0.9914	0.9919	0.9912	0.9917	
[0.0029240540477866715, 0.6414419079364702, 0.3154637501332786, 0.5870505884364575]	0.9038	0.9232	0.9350	0.9443	0.9512	0.9550	0.9584	0.9630	0.9663	0.9686	
[0.1, 0.81443502732814, 0.36842622242144973, 0.547266561731211]	0.9809	0.9860	0.9876	0.9892	0.9871	0.9908	0.9904	0.9905	0.9902	0.9908	
[0.08625274045132199, 0.6089450439267481, 0.5895227268501704, 0.4441335035543181]	0.9791	0.9858	0.9874	0.9890	0.9888	0.9887	0.9893	0.9895	0.9888	0.9918	
[0.001, 0.850122978749082, 0.31959192172260203, 0.5442073926876579]	0.9005	0.9206	0.9338	0.9418	0.9478	0.9533	0.9571	0.9606	0.9640	0.9664	
[0.039226084499498895, 0.6, 0.3044643835470375, 0.4730732989500406]	0.9719	0.9805	0.9834	0.9856	0.9869	0.9878	0.9887	0.9885	0.9884	0.9902	
[0.1, 0.6, 0.2, 0.7]	0.9778	0.9844	0.9865	0.9865	0.9887	0.9893	0.9893	0.9894	0.9895	0.9903	
[0.024328744417274402, 0.9, 0.2, 0.6026968164885048]	0.9791	0.9826	0.9865	0.9887	0.9878	0.9892	0.9896	0.9876	0.9909	0.9900	
[0.001, 0.8287976770642312, 0.6793543329746752, 0.7]	0.8247	0.8869	0.9126	0.9283	0.9371	0.9451	0.9490	0.9530	0.9570	0.9591	
[0.001, 0.7351215036127634, 0.3820832674583161, 0.5759163544714366]	0.8639	0.9007	0.9140	0.9239	0.9298	0.9333	0.9363	0.9387	0.9434	0.9444	
[0.08780744697616803, 0.7653357616651341, 0.2533304345661668, 0.21577130313285556]	0.9820	0.9864	0.9881	0.9881	0.9891	0.9897	0.9892	0.9914	0.9897	0.9912	
[0.001, 0.9, 0.45073461054715863, 0.3064495034913898]	0.9133	0.9413	0.9527	0.9615	0.9651	0.9695	0.9718	0.9742	0.9757	0.9776	
[0.1, 0.6, 0.37518102689975363, 0.7]	0.9749	0.9826	0.9845	0.9876	0.9865	0.9867	0.9875	0.9895	0.9878	0.9893	
[0.1, 0.6, 0.6379729348166524, 0.7]	0.9703	0.9796	0.9832	0.9856	0.9849	0.9867	0.9871	0.9882	0.9883	0.9878	
[0.09744255757995463, 0.6, 0.6952424937203846, 0.22791500118256217]	0.9777	0.9862	0.9873	0.9884	0.9895	0.9897	0.9908	0.9917	0.9904	0.9917	
[0.001, 0.7157229303142922, 0.685856349115356, 0.391977635179655]	0.8529	0.8852	0.9094	0.9211	0.9307	0.9366	0.9423	0.9469	0.9499	0.9532	
[0.001, 0.6432681692242992, 0.2506731621386514, 0.21690385210320245]	0.8761	0.9102	0.9219	0.9283	0.9330	0.9401	0.9439	0.9471	0.9492	0.9515	
[0.018557138269263137, 0.9, 0.2541904378997307, 0.2]	0.9768	0.9865	0.9870	0.9872	0.9900	0.9899	0.9904	0.9911	0.9904	0.9908	
[0.001, 0.7156614044193305, 0.618627557847346, 0.6633614168458368]	0.8159	0.8736	0.9013	0.9125	0.9252	0.9333	0.9371	0.9427	0.9461	0.9495	
[0.019207961857318878, 0.6025164723396301, 0.43379950523376465, 0.6518612504005432]	0.9471	0.9655	0.9741	0.9785	0.9805	0.9822	0.9826	0.9838	0.9846	0.9854	
[0.029417941829347597, 0.7051385354363244, 0.36937792488991394, 0.2]	0.9723	0.9819	0.9847	0.9876	0.9884	0.9897	0.9901	0.9898	0.9897	0.9905	
[0.009388143544340427, 0.6362890797145145, 0.3305655047125014, 0.36032613392577717]	0.9451	0.9638	0.9712	0.9750	0.9777	0.9810	0.9828	0.9841	0.9844	0.9851	
[0.0009999999999999992, 0.6, 0.6583125934259962, 0.237295307840234]	0.7934	0.8646	0.8896	0.9025	0.9132	0.9189	0.9241	0.9305	0.9351	0.9379	
[0.001, 0.6, 0.2, 0.7]	0.8351	0.8817	0.9011	0.9140	0.9200	0.9245	0.9274	0.9330	0.9363	0.9394	
[0.001, 0.7762859233124985, 0.6555502099664545, 0.2450118718095009]	0.8760	0.9043	0.9199	0.9285	0.9366	0.9436	0.9491	0.9527	0.9573	0.9592	
[0.04891008024757706, 0.8708038092892508, 0.2694302086637123, 0.7]	0.9763	0.9799	0.9851	0.9882	0.9881	0.9884	0.9885	0.9887	0.9880	0.9902	
[0.1, 0.9, 0.41099185201850486, 0.20973037491573426]	0.9839	0.9859	0.9908	0.9899	0.9900	0.9897	0.9879	0.9911	0.9890	0.9891	
[0.1, 0.6703615224896273, 0.6641364807197471, 0.7]	0.9717	0.9785	0.9843	0.9852	0.9859	0.9875	0.9867	0.9874	0.9877	0.9894	
[0.05995892733335495, 0.7969233393669128, 0.56484454870224, 0.46312758326530457]	0.9797	0.9824	0.9880	0.9894	0.9895	0.9898	0.9906	0.9909	0.9903	0.9912	
[0.1, 0.6808816947732107, 0.38221729289092665, 0.5813332738114022]	0.9806	0.9847	0.9866	0.9870	0.9882	0.9904	0.9906	0.9892	0.9897	0.9888	
[0.01224063844081425, 0.6598241696798653, 0.2, 0.26538492252947166]	0.9491	0.9675	0.9749	0.9796	0.9814	0.9825	0.9844	0.9849	0.9858	0.9868	
[0.04020011777241079, 0.6053518858266513, 0.2, 0.7]	0.9708	0.9798	0.9835	0.9871	0.9876	0.9880	0.9895	0.9895	0.9891	0.9901	
[0.1, 0.9, 0.28640164298171333, 0.5256570449341834]	0.9828	0.9829	0.9871	0.9875	0.9861	0.9887	0.9886	0.9882	0.9892	0.9904	
[0.1, 0.742388815836858, 0.5250422216012635, 0.4732374630557394]	0.9807	0.9874	0.9843	0.9871	0.9891	0.9893	0.9903	0.9891	0.9908	0.9922	
[0.001, 0.6611334941096308, 0.3064380938578729, 0.6089252157065165]	0.8600	0.8977	0.9115	0.9188	0.9273	0.9319	0.9368	0.9394	0.9416	0.9466	
[0.06570341438055038, 0.8171055912971497, 0.28545713424682617, 0.5641331076622009]	0.9781	0.9853	0.9869	0.9885	0.9892	0.9888	0.9891	0.9913	0.9903	0.9913	
[0.09209698236761275, 0.750005341855898, 0.3620282097001302, 0.7]	0.9783	0.9835	0.9853	0.9865	0.9867	0.9881	0.9870	0.9865	0.9894	0.9894	
[0.014159302624462328, 0.6000027110130279, 0.45505052222473696, 0.7]	0.9464	0.9641	0.9719	0.9755	0.9771	0.9803	0.9820	0.9833	0.9847	0.9845	
[0.019881646089870617, 0.8540003054896931, 0.31759098356982113, 0.475710613155703]	0.9754	0.9818	0.9849	0.9873	0.9877	0.9894	0.9898	0.9892	0.9896	0.9910	
[0.0745907542135995, 0.8205548763534554, 0.406582163774601, 0.4039034338262965]	0.9828	0.9861	0.9881	0.9892	0.9890	0.9885	0.9901	0.9903	0.9904	0.9919	
[0.03866126732143981, 0.9, 0.567949652446465, 0.2669731493524744]	0.9811	0.9871	0.9881	0.9887	0.9903	0.9914	0.9895	0.9905	0.9899	0.9916	
[0.1, 0.8351215182705057, 0.2420249435388242, 0.5902487967626799]	0.9806	0.9837	0.9853	0.9864	0.9885	0.9909	0.9899	0.9901	0.9900	0.9920	
[0.06854970623396131, 0.6, 0.6262627943194337, 0.2941054737645551]	0.9776	0.9828	0.9865	0.9883	0.9891	0.9887	0.9899	0.9910	0.9910	0.9919	
[0.008619827752188513, 0.8588263632749583, 0.3770260348458053, 0.4502377758975731]	0.9609	0.9746	0.9807	0.9838	0.9850	0.9866	0.9862	0.9880	0.9890	0.9891	
[0.09192012365001787, 0.8128720573110465, 0.533328096054501, 0.5965754207861623]	0.9785	0.9843	0.9854	0.9874	0.9869	0.9889	0.9897	0.9901	0.9896	0.9887	
[0.039395863734376715, 0.6, 0.5390813832525171, 0.2890715322062185]	0.9701	0.9811	0.9849	0.9852	0.9879	0.9889	0.9886	0.9895	0.9908	0.9901	
[0.008414523714548344, 0.6, 0.20448434218929706, 0.4537698250122525]	0.9315	0.9520	0.9629	0.9686	0.9725	0.9757	0.9783	0.9798	0.9809	0.9824	
[0.09547292309182742, 0.775611325667129, 0.3650793342853029, 0.23389782061403483]	0.9830	0.9870	0.9872	0.9889	0.9887	0.9892	0.9909	0.9899	0.9902	0.9905	
[0.1, 0.6, 0.6474529776496573, 0.3927147927294042]	0.9765	0.9848	0.9863	0.9880	0.9885	0.9891	0.9897	0.9899	0.9905	0.9912	
[0.020977350041820404, 0.9, 0.23588133193310074, 0.2936394129314777]	0.9796	0.9862	0.9874	0.9895	0.9892	0.9902	0.9900	0.9908	0.9918	0.9920	
[0.1, 0.9, 0.6157341935112627, 0.554950125050728]	0.9761	0.9792	0.9822	0.9825	0.9843	0.9860	0.9889	0.9897	0.9886	0.9870	
[0.1, 0.9, 0.2509121800096516, 0.6048946463067095]	0.9790	0.9833	0.9851	0.9872	0.9872	0.9871	0.9888	0.9876	0.9878	0.9877	
[0.1, 0.6, 0.7, 0.642830675787617]	0.9742	0.9799	0.9833	0.9850	0.9877	0.9877	0.9869	0.9880	0.9887	0.9856	
[0.07514175772666931, 0.8893942832946777, 0.5954112410545349, 0.6475447416305542]	0.9772	0.9821	0.9859	0.9810	0.9859	0.9870	0.9868	0.9870	0.9885	0.9884	
[0.03645209670801723, 0.7253781014635102, 0.21846031250929324, 0.7]	0.9730	0.9815	0.9843	0.9867	0.9860	0.9881	0.9882	0.9878	0.9884	0.9898	
[0.049831988349002744, 0.7085815643417126, 0.3543830818839398, 0.2]	0.9802	0.9850	0.9868	0.9887	0.9889	0.9901	0.9900	0.9899	0.9906	0.9899	
[0.1, 0.8389762456317065, 0.48132982540743807, 0.2]	0.9825	0.9854	0.9885	0.9894	0.9892	0.9916	0.9896	0.9905	0.9919	0.9908	
[0.02731026902289033, 0.8321001647479638, 0.6225270686115957, 0.23697465000472515]	0.9780	0.9837	0.9873	0.9872	0.9892	0.9897	0.9902	0.9908	0.9909	0.9916	
[0.001, 0.7074800873767069, 0.25158263569328154, 0.2678686715058623]	0.8800	0.9099	0.9218	0.9307	0.9379	0.9414	0.9464	0.9493	0.9515	0.9557	
[0.06566452980041504, 0.8616527915000916, 0.5384368300437927, 0.2259787768125534]	0.9821	0.9886	0.9892	0.9900	0.9902	0.9911	0.9908	0.9919	0.9912	0.9910	
[0.001, 0.7691819390443643, 0.6562733615224392, 0.6157360074863898]	0.8414	0.8912	0.9112	0.9245	0.9333	0.9402	0.9450	0.9480	0.9509	0.9531	
[0.07724100399363545, 0.7591517581676881, 0.2, 0.5101785180791775]	0.9805	0.9858	0.9876	0.9895	0.9896	0.9892	0.9899	0.9911	0.9917	0.9915	
[0.001, 0.8430625681229983, 0.7, 0.4780962349550734]	0.8640	0.9036	0.9206	0.9304	0.9383	0.9462	0.9501	0.9539	0.9574	0.9608	
[0.011258027399316809, 0.6, 0.7, 0.6960184699295251]	0.9326	0.9542	0.9637	0.9679	0.9724	0.9753	0.9782	0.9793	0.9800	0.9810	
[0.001, 0.6648876543355299, 0.2, 0.537411584660726]	0.8697	0.9048	0.9199	0.9258	0.9306	0.9347	0.9380	0.9402	0.9435	0.9451	
[0.07321286497857611, 0.7875740772409541, 0.6075608919916281, 0.5992149277465679]	0.9779	0.9813	0.9844	0.9867	0.9875	0.9889	0.9875	0.9905	0.9873	0.9892	
[0.001, 0.7142911118916675, 0.20917119202251297, 0.4322777920632528]	0.8763	0.9051	0.9188	0.9276	0.9351	0.9390	0.9420	0.9454	0.9471	0.9509	
[0.09934242605768591, 0.6, 0.6403144538117884, 0.21893714634394879]	0.9793	0.9859	0.9870	0.9891	0.9890	0.9911	0.9903	0.9918	0.9906	0.9916	
[0.062265155784903894, 0.7600014103158141, 0.4256787631778652, 0.7]	0.9747	0.9831	0.9841	0.9850	0.9875	0.9888	0.9880	0.9902	0.9905	0.9895	
[0.1, 0.9, 0.5652561303312716, 0.6411889094968066]	0.9735	0.9777	0.9829	0.9853	0.9844	0.9854	0.9844	0.9856	0.9864	0.9875	
[0.07985586848570127, 0.7703267250075189, 0.39960764543711064, 0.4273015446282751]	0.9835	0.9863	0.9882	0.9891	0.9896	0.9905	0.9906	0.9904	0.9899	0.9910	
[0.08878351669819834, 0.9, 0.4010773672076485, 0.27557149012502435]	0.9836	0.9844	0.9900	0.9901	0.9891	0.9898	0.9914	0.9916	0.9907	0.9909	
[0.018480038155510036, 0.6, 0.46166121029771123, 0.654759837566517]	0.9510	0.9692	0.9748	0.9782	0.9816	0.9812	0.9842	0.9842	0.9870	0.9857	
[0.03989954398651782, 0.7050809184640863, 0.4689560947505333, 0.7]	0.9661	0.9791	0.9815	0.9833	0.9847	0.9863	0.9868	0.9874	0.9869	0.9887	
[0.001, 0.6, 0.5676104820724839, 0.2565335112419108]	0.8423	0.8883	0.9007	0.9105	0.9154	0.9222	0.9266	0.9302	0.9334	0.9365	
[0.09277739741149879, 0.7310881963142697, 0.7, 0.5510325112160559]	0.9750	0.9834	0.9837	0.9857	0.9881	0.9877	0.9890	0.9887	0.9891	0.9884	
[0.007880697302738921, 0.6865007882905269, 0.2, 0.5321985648116734]	0.9296	0.9505	0.9609	0.9686	0.9732	0.9764	0.9790	0.9819	0.9834	0.9837	
[0.020136757100385268, 0.7813232747098935, 0.47086265172765424, 0.7]	0.9655	0.9743	0.9807	0.9831	0.9849	0.9858	0.9857	0.9861	0.9877	0.9884	
[0.001, 0.8107630336781078, 0.5713470959011171, 0.31992893236185477]	0.8831	0.9090	0.9178	0.9293	0.9352	0.9397	0.9447	0.9498	0.9552	0.9576	
[0.001, 0.6, 0.47732304056656766, 0.26470450153593683]	0.8287	0.8884	0.9063	0.9175	0.9256	0.9314	0.9375	0.9418	0.9448	0.9483	
