[0.09712920192933279, 0.7899285119434493, 0.4203020654012735, 0.2929660976654679]	0.0532 	0.0409 	0.0339 	0.0333 	0.0313 	0.0314 	0.0304 	0.0287 	0.0284 	0.0252 	
[0.04424641669192537, 0.7434414711796473, 0.4077687834200738, 0.2422204349331252]	0.0624 	0.0448 	0.0410 	0.0335 	0.0380 	0.0303 	0.0314 	0.0261 	0.0271 	0.0261 	
[0.008947028737313524, 0.6, 0.5924203088553587, 0.2]	0.2125 	0.1337 	0.0999 	0.0815 	0.0706 	0.0619 	0.0558 	0.0532 	0.0484 	0.0451 	
[0.1, 0.7072375979249642, 0.5229382059085169, 0.39325759479168065]	0.0597 	0.0434 	0.0386 	0.0324 	0.0314 	0.0274 	0.0313 	0.0263 	0.0282 	0.0257 	
[0.03914279818334824, 0.9, 0.2, 0.625880496429906]	0.0584 	0.0470 	0.0436 	0.0340 	0.0327 	0.0325 	0.0299 	0.0283 	0.0309 	0.0288 	
[0.1, 0.6, 0.4557865916427042, 0.6004848681382403]	0.0706 	0.0566 	0.0451 	0.0386 	0.0342 	0.0308 	0.0354 	0.0305 	0.0292 	0.0306 	
[0.09797444309513266, 0.6474599685234104, 0.5583045934213583, 0.677063922961945]	0.0760 	0.0535 	0.0434 	0.0426 	0.0394 	0.0350 	0.0361 	0.0367 	0.0341 	0.0334 	
[0.01643023332999529, 0.7900731312085355, 0.6829255474237063, 0.5401701508501641]	0.1264 	0.0834 	0.0661 	0.0538 	0.0501 	0.0443 	0.0441 	0.0385 	0.0382 	0.0364 	
[0.07922103637409691, 0.9, 0.654222063375358, 0.47360307200118845]	0.0655 	0.0400 	0.0479 	0.0436 	0.0385 	0.0388 	0.0355 	0.0357 	0.0327 	0.0362 	
[0.0515822929594819, 0.7530284778579265, 0.6890008108562362, 0.6582605981846605]	0.0919 	0.0636 	0.0522 	0.0461 	0.0453 	0.0375 	0.0363 	0.0367 	0.0357 	0.0327 	
[0.09191810006785782, 0.9, 0.2, 0.6784631555205066]	0.0581 	0.0501 	0.0429 	0.0451 	0.0379 	0.0391 	0.0441 	0.0421 	0.0415 	0.0387 	
[0.05365581486516347, 0.6391525935745765, 0.3979469420806447, 0.2]	0.0694 	0.0516 	0.0394 	0.0311 	0.0305 	0.0293 	0.0273 	0.0300 	0.0264 	0.0270 	
[0.09667760887471466, 0.6, 0.30420684604220577, 0.44509637608811886]	0.0625 	0.0451 	0.0352 	0.0326 	0.0311 	0.0304 	0.0289 	0.0288 	0.0282 	0.0269 	
[0.1, 0.8878041229816884, 0.619243776946015, 0.5387054013099689]	0.0826 	0.0627 	0.0538 	0.0483 	0.0429 	0.0390 	0.0430 	0.0443 	0.0430 	0.0336 	
[0.07006005970559018, 0.7067514197146232, 0.28744499366841136, 0.3429131948555739]	0.0633 	0.0432 	0.0336 	0.0377 	0.0316 	0.0293 	0.0283 	0.0278 	0.0269 	0.0263 	
[0.1, 0.6, 0.5148272059121092, 0.2]	0.0552 	0.0367 	0.0298 	0.0287 	0.0263 	0.0268 	0.0263 	0.0263 	0.0265 	0.0241 	
[0.012742299093796197, 0.6, 0.5674573924150783, 0.7]	0.2200 	0.1357 	0.1042 	0.0892 	0.0754 	0.0696 	0.0629 	0.0573 	0.0561 	0.0530 	
[0.02027746557149316, 0.6539344266071997, 0.5653681380443597, 0.36355606301669546]	0.1387 	0.0793 	0.0639 	0.0535 	0.0459 	0.0420 	0.0390 	0.0371 	0.0366 	0.0349 	
[0.001, 0.8692927482905706, 0.6999183599655302, 0.25736489647962324]	0.4009 	0.2936 	0.2346 	0.1929 	0.1665 	0.1461 	0.1304 	0.1188 	0.1089 	0.1011 	
[0.02084800308241686, 0.8385119242507614, 0.5379878595539177, 0.559809191881744]	0.0889 	0.0572 	0.0442 	0.0402 	0.0394 	0.0344 	0.0338 	0.0324 	0.0308 	0.0293 	
[0.1, 0.9, 0.2, 0.2]	0.0550 	0.0454 	0.0419 	0.0415 	0.0360 	0.0426 	0.0377 	0.0345 	0.0340 	0.0447 	
[0.001, 0.6316607776581505, 0.2, 0.44025198754236217]	0.5558 	0.3633 	0.3080 	0.2720 	0.2484 	0.2301 	0.2160 	0.2038 	0.1940 	0.1847 	
[0.001, 0.8812205329327145, 0.4366849916111482, 0.23719525119885668]	0.3094 	0.2348 	0.1947 	0.1713 	0.1506 	0.1335 	0.1198 	0.1091 	0.1005 	0.0934 	
[0.001, 0.6, 0.6386663234654938, 0.37272537572938347]	0.7385 	0.4604 	0.3802 	0.3391 	0.3093 	0.2864 	0.2672 	0.2498 	0.2355 	0.2208 	
[0.1, 0.6105462909533266, 0.2, 0.2]	0.0642 	0.0508 	0.0364 	0.0341 	0.0332 	0.0320 	0.0308 	0.0280 	0.0312 	0.0330 	
[0.00903542783151228, 0.8303622548101879, 0.6061545415570115, 0.2]	0.1283 	0.0802 	0.0605 	0.0512 	0.0479 	0.0412 	0.0365 	0.0348 	0.0339 	0.0336 	
[0.0231851781832481, 0.7980424830398029, 0.6838027726763761, 0.2]	0.0797 	0.0551 	0.0446 	0.0392 	0.0354 	0.0340 	0.0319 	0.0281 	0.0265 	0.0257 	
[0.025307489395396145, 0.6161108060424942, 0.5204372836929627, 0.6021532244424239]	0.1268 	0.0833 	0.0637 	0.0548 	0.0511 	0.0469 	0.0442 	0.0410 	0.0391 	0.0381 	
[0.011253957186277194, 0.6, 0.7, 0.45934973932662293]	0.2189 	0.1325 	0.1008 	0.0852 	0.0755 	0.0657 	0.0599 	0.0546 	0.0520 	0.0483 	
[0.1, 0.6, 0.2339228411225838, 0.6801197921096912]	0.0695 	0.0487 	0.0414 	0.0377 	0.0374 	0.0345 	0.0349 	0.0356 	0.0313 	0.0326 	
[0.001, 0.6, 0.6312486511872533, 0.6885413039831262]	1.2097 	0.7051 	0.5281 	0.4319 	0.3631 	0.3247 	0.2916 	0.2657 	0.2437 	0.2276 	
[0.04722278797265153, 0.7420764642690412, 0.4273161510749943, 0.24023354440900452]	0.0610 	0.0439 	0.0321 	0.0306 	0.0307 	0.0297 	0.0286 	0.0279 	0.0277 	0.0279 	
[0.001, 0.6, 0.6298818712473833, 0.46960250261721215]	1.0552 	0.5640 	0.4425 	0.3867 	0.3473 	0.3184 	0.2939 	0.2688 	0.2518 	0.2358 	
[0.0888100266448089, 0.6202220239179277, 0.636293203434609, 0.3923814291960572]	0.0723 	0.0518 	0.0467 	0.0414 	0.0330 	0.0349 	0.0301 	0.0293 	0.0286 	0.0312 	
[0.08616334236229209, 0.6897025280346257, 0.23596907860645103, 0.7]	0.0769 	0.0588 	0.0492 	0.0400 	0.0354 	0.0332 	0.0353 	0.0331 	0.0346 	0.0307 	
[0.05968500961474923, 0.9, 0.6179274799614228, 0.3266888390373853]	0.0571 	0.0407 	0.0352 	0.0334 	0.0279 	0.0293 	0.0268 	0.0291 	0.0270 	0.0263 	
[0.06622366382947026, 0.9, 0.3190820041559385, 0.260552018287805]	0.0437 	0.0386 	0.0320 	0.0262 	0.0274 	0.0284 	0.0310 	0.0296 	0.0305 	0.0288 	
[0.001, 0.8572755083838969, 0.5298253413231804, 0.2956104268208918]	0.3542 	0.2761 	0.2299 	0.2002 	0.1769 	0.1553 	0.1394 	0.1251 	0.1140 	0.1051 	
[0.030223218977296365, 0.6436417837692444, 0.7, 0.5022882575858244]	0.1193 	0.0735 	0.0603 	0.0510 	0.0510 	0.0417 	0.0400 	0.0380 	0.0372 	0.0369 	
[0.1, 0.771840128521578, 0.5170391512306375, 0.7]	0.0666 	0.0639 	0.0440 	0.0391 	0.0396 	0.0332 	0.0389 	0.0342 	0.0316 	0.0272 	
[0.001, 0.7879302448168224, 0.5698193953420263, 0.45339989583475226]	0.4633 	0.3354 	0.2769 	0.2390 	0.2084 	0.1833 	0.1643 	0.1506 	0.1377 	0.1286 	
[0.043981157789426156, 0.7174085802805584, 0.6606705557521482, 0.6329508668959408]	0.0969 	0.0638 	0.0567 	0.0487 	0.0436 	0.0442 	0.0381 	0.0366 	0.0357 	0.0340 	
[0.1, 0.6, 0.35229172260703334, 0.7]	0.0827 	0.0715 	0.0453 	0.0430 	0.0402 	0.0443 	0.0374 	0.0344 	0.0318 	0.0311 	
[0.001, 0.7056214650949058, 0.5365386927140363, 0.6213184085898638]	0.8148 	0.4912 	0.3933 	0.3392 	0.3051 	0.2750 	0.2515 	0.2331 	0.2157 	0.2006 	
[0.08009101021368699, 0.67975266636336, 0.24049355996377525, 0.599650974359014]	0.0685 	0.0458 	0.0406 	0.0367 	0.0324 	0.0295 	0.0316 	0.0349 	0.0276 	0.0299 	
[0.07683998613697254, 0.616048039707893, 0.2633916598091653, 0.6518611563269927]	0.0705 	0.0553 	0.0422 	0.0374 	0.0368 	0.0329 	0.0290 	0.0287 	0.0299 	0.0303 	
[0.01912071686906963, 0.7571922240406539, 0.7, 0.47954913834251256]	0.1214 	0.0807 	0.0618 	0.0502 	0.0450 	0.0416 	0.0389 	0.0371 	0.0358 	0.0344 	
[0.030258241537280295, 0.8003570316945826, 0.6906060838804202, 0.3879711410469711]	0.0781 	0.0539 	0.0440 	0.0407 	0.0348 	0.0336 	0.0316 	0.0296 	0.0280 	0.0268 	
[0.04441813186081091, 0.6304516635305054, 0.5765006056875024, 0.6362542896560087]	0.1013 	0.0655 	0.0542 	0.0463 	0.0422 	0.0396 	0.0380 	0.0376 	0.0379 	0.0330 	
[0.1, 0.645009117028375, 0.5372864484227945, 0.2]	0.0568 	0.0424 	0.0323 	0.0329 	0.0265 	0.0290 	0.0269 	0.0261 	0.0252 	0.0254 	
[0.057204779237508774, 0.6896111369132996, 0.4198223054409027, 0.4458736479282379]	0.0662 	0.0486 	0.0384 	0.0387 	0.0336 	0.0329 	0.0322 	0.0316 	0.0281 	0.0299 	
[0.003727239964398038, 0.6203251503203259, 0.378022444106395, 0.7]	0.3974 	0.2645 	0.2174 	0.1774 	0.1531 	0.1335 	0.1199 	0.1096 	0.1004 	0.0938 	
[0.001, 0.6, 0.6010006449260409, 0.6099561926582862]	0.9857 	0.5782 	0.4504 	0.3867 	0.3419 	0.3102 	0.2885 	0.2665 	0.2478 	0.2324 	
[0.0014054573588443788, 0.7626147674072041, 0.5046012718348908, 0.20986612337760024]	0.3593 	0.2838 	0.2415 	0.2087 	0.1874 	0.1701 	0.1535 	0.1398 	0.1297 	0.1183 	
[0.009301989496908953, 0.9, 0.2, 0.6834157944750799]	0.1129 	0.0705 	0.0542 	0.0491 	0.0450 	0.0397 	0.0378 	0.0363 	0.0365 	0.0355 	
[0.021251467987895012, 0.631933331489563, 0.36279234290122986, 0.21233810484409332]	0.1210 	0.0699 	0.0556 	0.0470 	0.0410 	0.0381 	0.0343 	0.0322 	0.0302 	0.0305 	
[0.07631454172504369, 0.9, 0.2, 0.2]	0.0415 	0.0386 	0.0331 	0.0336 	0.0303 	0.0375 	0.0331 	0.0347 	0.0400 	0.0409 	
[0.08753232051530678, 0.6, 0.5647533004622719, 0.34814585251577007]	0.0652 	0.0469 	0.0401 	0.0388 	0.0363 	0.0330 	0.0314 	0.0265 	0.0280 	0.0273 	
[0.09648694097995758, 0.8429437875747681, 0.6970072984695435, 0.498183012008667]	0.0740 	0.0566 	0.0418 	0.0381 	0.0369 	0.0430 	0.0390 	0.0348 	0.0335 	0.0320 	
[0.0038875767780312096, 0.9, 0.236263488239977, 0.44370252306158264]	0.1738 	0.1070 	0.0749 	0.0617 	0.0552 	0.0485 	0.0453 	0.0429 	0.0393 	0.0370 	
[0.1, 0.8966578334416639, 0.24720402480427725, 0.5670742085498912]	0.0651 	0.0465 	0.0434 	0.0322 	0.0407 	0.0322 	0.0379 	0.0459 	0.0344 	0.0324 	
[0.06154865077287322, 0.7517937641277912, 0.368469178605248, 0.6893960902162368]	0.0807 	0.0515 	0.0444 	0.0384 	0.0371 	0.0354 	0.0354 	0.0344 	0.0323 	0.0294 	
[0.08826531050072486, 0.7317417441933887, 0.4267743310199853, 0.7]	0.0702 	0.0513 	0.0443 	0.0394 	0.0359 	0.0345 	0.0318 	0.0316 	0.0301 	0.0328 	
[0.0702342398283568, 0.6172196372639763, 0.38431970864470894, 0.20776327310165482]	0.0689 	0.0442 	0.0378 	0.0349 	0.0318 	0.0300 	0.0317 	0.0284 	0.0279 	0.0275 	
[0.032321181148290634, 0.8883920311927795, 0.5587267875671387, 0.6001850962638855]	0.0687 	0.0500 	0.0412 	0.0361 	0.0367 	0.0363 	0.0313 	0.0319 	0.0337 	0.0312 	
[0.039221931709391186, 0.8976617199579425, 0.7, 0.7]	0.0839 	0.0529 	0.0540 	0.0462 	0.0448 	0.0409 	0.0377 	0.0353 	0.0355 	0.0340 	
[0.001, 0.6, 0.7, 0.7]	1.8266 	1.0534 	0.6828 	0.5317 	0.4380 	0.3816 	0.3385 	0.3055 	0.2833 	0.2639 	
[0.06854432628678225, 0.692560723788415, 0.4625987831022536, 0.4404823143270314]	0.0641 	0.0484 	0.0398 	0.0356 	0.0326 	0.0298 	0.0274 	0.0278 	0.0295 	0.0253 	
[0.07007203495998006, 0.7891255197336943, 0.48733043713773966, 0.5330737714907688]	0.0563 	0.0413 	0.0427 	0.0334 	0.0314 	0.0317 	0.0274 	0.0313 	0.0292 	0.0268 	
[0.001, 0.6682683929105313, 0.2699940639015488, 0.6202047853724391]	0.5725 	0.3852 	0.3183 	0.2853 	0.2592 	0.2440 	0.2275 	0.2173 	0.2063 	0.1960 	
[0.0009999999999999992, 0.6589472023987536, 0.4657100096525858, 0.20770701864775237]	0.5094 	0.3557 	0.2983 	0.2674 	0.2456 	0.2252 	0.2089 	0.1974 	0.1836 	0.1728 	
[0.08000064857888839, 0.6591019074278078, 0.45107924049505466, 0.6495368102838538]	0.0718 	0.0509 	0.0451 	0.0407 	0.0380 	0.0378 	0.0323 	0.0301 	0.0312 	0.0324 	
[0.1, 0.6427291595885447, 0.2, 0.591352373246905]	0.0688 	0.0461 	0.0406 	0.0385 	0.0342 	0.0287 	0.0308 	0.0285 	0.0284 	0.0276 	
[0.09989772789001027, 0.8935352767601149, 0.4194934564025808, 0.7]	0.0882 	0.0611 	0.0642 	0.0547 	0.0587 	0.0447 	0.0479 	0.0467 	0.0439 	0.0392 	
[0.1, 0.9, 0.2214241007082523, 0.2]	0.0515 	0.0367 	0.0461 	0.0445 	0.0449 	0.0346 	0.0391 	0.0341 	0.0401 	0.0328 	
[0.001, 0.9, 0.6556905109792295, 0.2]	0.3351 	0.2445 	0.1915 	0.1581 	0.1319 	0.1166 	0.1024 	0.0915 	0.0842 	0.0789 	
[0.1, 0.9, 0.26410128986910164, 0.2]	0.0585 	0.0437 	0.0356 	0.0357 	0.0378 	0.0338 	0.0320 	0.0323 	0.0317 	0.0293 	
[0.001, 0.6, 0.7, 0.6999546477722748]	1.9112 	1.1110 	0.7247 	0.5543 	0.4632 	0.4019 	0.3557 	0.3241 	0.2967 	0.2755 	
[0.1, 0.6, 0.29189315276767147, 0.5361784256367383]	0.0685 	0.0483 	0.0401 	0.0358 	0.0360 	0.0343 	0.0305 	0.0315 	0.0302 	0.0293 	
[0.001, 0.7850027842911951, 0.366672603362161, 0.7]	0.5681 	0.3742 	0.3061 	0.2629 	0.2356 	0.2104 	0.1935 	0.1764 	0.1619 	0.1513 	
[0.09303199499845505, 0.8243144154548645, 0.5212376713752747, 0.21342463791370392]	0.0505 	0.0430 	0.0406 	0.0361 	0.0316 	0.0340 	0.0346 	0.0260 	0.0298 	0.0279 	
[0.07967926133893045, 0.8674589821320036, 0.27305602957431135, 0.648633464588468]	0.0631 	0.0495 	0.0455 	0.0397 	0.0370 	0.0386 	0.0333 	0.0346 	0.0355 	0.0328 	
[0.018747598405767212, 0.716848381679617, 0.37681155547579875, 0.5850200255649354]	0.1449 	0.0881 	0.0653 	0.0549 	0.0487 	0.0438 	0.0381 	0.0369 	0.0351 	0.0363 	
[0.001, 0.8723642722513459, 0.6422650554773244, 0.5719261199603796]	0.4824 	0.3316 	0.2628 	0.2169 	0.1825 	0.1584 	0.1426 	0.1288 	0.1185 	0.1097 	
[0.1, 0.6, 0.659512070949375, 0.6114508355317845]	0.0908 	0.0540 	0.0487 	0.0476 	0.0399 	0.0384 	0.0340 	0.0324 	0.0311 	0.0305 	
[0.001, 0.9, 0.7, 0.2]	0.3512 	0.2432 	0.1879 	0.1539 	0.1301 	0.1152 	0.1036 	0.0950 	0.0875 	0.0825 	
[0.05150214062930988, 0.8760780846061637, 0.4465196049381297, 0.5021027379490511]	0.0545 	0.0424 	0.0370 	0.0336 	0.0326 	0.0341 	0.0311 	0.0312 	0.0320 	0.0267 	
[0.001, 0.6452036399144954, 0.4560879120432834, 0.2]	0.4976 	0.3525 	0.3065 	0.2722 	0.2516 	0.2340 	0.2203 	0.2085 	0.1936 	0.1834 	
[0.029584318525252024, 0.6968594782207377, 0.3969499630358519, 0.6522831699528802]	0.1018 	0.0633 	0.0567 	0.0457 	0.0427 	0.0370 	0.0372 	0.0342 	0.0339 	0.0320 	
[0.028633581007046032, 0.7043347373721343, 0.2, 0.44898240682352536]	0.0931 	0.0603 	0.0509 	0.0402 	0.0375 	0.0352 	0.0316 	0.0304 	0.0273 	0.0290 	
[0.057462434724141385, 0.6160790843834582, 0.2279043174145185, 0.2]	0.0711 	0.0493 	0.0431 	0.0367 	0.0296 	0.0323 	0.0274 	0.0352 	0.0310 	0.0301 	
[0.05367233111463538, 0.8398182054898338, 0.6002989469613997, 0.25927389971263326]	0.0573 	0.0425 	0.0332 	0.0305 	0.0305 	0.0292 	0.0306 	0.0279 	0.0250 	0.0237 	
[0.013529075254561387, 0.7379532002785718, 0.29909285474212605, 0.23497463057469833]	0.1367 	0.0840 	0.0632 	0.0529 	0.0439 	0.0408 	0.0369 	0.0336 	0.0318 	0.0317 	
[0.09897586410203753, 0.8326149211509583, 0.652291487687157, 0.3238916649657528]	0.0613 	0.0447 	0.0361 	0.0323 	0.0336 	0.0307 	0.0301 	0.0294 	0.0242 	0.0262 	
[0.01564881635632477, 0.6778798864593252, 0.6690328219965591, 0.5818912523445859]	0.1685 	0.1036 	0.0809 	0.0713 	0.0626 	0.0566 	0.0517 	0.0474 	0.0458 	0.0424 	
[0.01349582941690688, 0.8999655138091246, 0.6290914520280207, 0.3205708571203972]	0.0834 	0.0549 	0.0435 	0.0372 	0.0332 	0.0304 	0.0315 	0.0277 	0.0262 	0.0259 	
[0.1, 0.6152652563171346, 0.5713710220076339, 0.6839158702592282]	0.0827 	0.0559 	0.0479 	0.0425 	0.0443 	0.0365 	0.0360 	0.0332 	0.0383 	0.0309 	
[0.0026525749007963837, 0.9, 0.2, 0.2]	0.1862 	0.1175 	0.0851 	0.0678 	0.0597 	0.0533 	0.0504 	0.0438 	0.0434 	0.0396 	
[0.001, 0.7266042338857968, 0.27482756241589407, 0.23571636185268266]	0.4277 	0.3081 	0.2602 	0.2281 	0.2070 	0.1894 	0.1758 	0.1631 	0.1534 	0.1462 	
[0.09538457249336109, 0.6, 0.6191824225805218, 0.20435558303401036]	0.0692 	0.0444 	0.0376 	0.0322 	0.0306 	0.0263 	0.0267 	0.0261 	0.0273 	0.0241 	
[0.001, 0.8389042033071064, 0.2408495852406085, 0.25959062517071496]	0.3266 	0.2412 	0.1995 	0.1764 	0.1565 	0.1431 	0.1315 	0.1197 	0.1106 	0.1046 	
[0.008360146030269616, 0.8269709477325289, 0.24006143789144221, 0.3582973500171213]	0.1524 	0.0906 	0.0683 	0.0571 	0.0522 	0.0446 	0.0417 	0.0374 	0.0356 	0.0335 	
[0.001, 0.7021370096547088, 0.2, 0.6560220208794533]	0.5553 	0.3641 	0.3046 	0.2678 	0.2435 	0.2259 	0.2110 	0.2002 	0.1916 	0.1770 	
[0.09892731522012896, 0.8488863491850376, 0.30408885883598635, 0.2]	0.0546 	0.0367 	0.0431 	0.0287 	0.0339 	0.0338 	0.0302 	0.0335 	0.0363 	0.0307 	
[0.059935229714716896, 0.8757974493747682, 0.3639738293252116, 0.3327289197055575]	0.0539 	0.0416 	0.0308 	0.0306 	0.0367 	0.0310 	0.0282 	0.0276 	0.0267 	0.0306 	
[0.052174188764139144, 0.7981146063942789, 0.694471544758497, 0.2]	0.0655 	0.0498 	0.0375 	0.0310 	0.0300 	0.0287 	0.0293 	0.0256 	0.0275 	0.0254 	
[0.056793875400649, 0.9, 0.6285751516692668, 0.5055269884538394]	0.0649 	0.0473 	0.0441 	0.0340 	0.0357 	0.0353 	0.0281 	0.0296 	0.0345 	0.0334 	
[0.1, 0.7403618518840637, 0.2, 0.23331451331480682]	0.0571 	0.0396 	0.0351 	0.0344 	0.0308 	0.0331 	0.0315 	0.0248 	0.0311 	0.0317 	
[0.07432987226781629, 0.879380510931332, 0.214805297377468, 0.3357819459402971]	0.0546 	0.0404 	0.0386 	0.0305 	0.0316 	0.0295 	0.0307 	0.0331 	0.0337 	0.0303 	
[0.021040505134164764, 0.6812595860358902, 0.7, 0.2242153695116991]	0.1222 	0.0744 	0.0598 	0.0485 	0.0444 	0.0386 	0.0356 	0.0333 	0.0309 	0.0293 	
[0.1, 0.6128800094400052, 0.7, 0.2]	0.0637 	0.0442 	0.0429 	0.0441 	0.0300 	0.0302 	0.0290 	0.0297 	0.0242 	0.0254 	
[0.07689395479552634, 0.6421084629373539, 0.5314760921581745, 0.6648051507583775]	0.0792 	0.0554 	0.0472 	0.0388 	0.0378 	0.0345 	0.0343 	0.0358 	0.0309 	0.0323 	
[0.001, 0.6, 0.5342807644821647, 0.42710868949484304]	0.7812 	0.4640 	0.3841 	0.3444 	0.3149 	0.2929 	0.2749 	0.2603 	0.2464 	0.2341 	
[0.03601539305337164, 0.7021957945881124, 0.6898942852368423, 0.6499924797001628]	0.1145 	0.0750 	0.0622 	0.0561 	0.0482 	0.0429 	0.0406 	0.0402 	0.0385 	0.0369 	
[0.05259270575216763, 0.8827587699784749, 0.2, 0.7]	0.0638 	0.0479 	0.0554 	0.0460 	0.0491 	0.0353 	0.0341 	0.0441 	0.0327 	0.0376 	
[0.1, 0.9, 0.5254000381410835, 0.2]	0.0526 	0.0404 	0.0367 	0.0386 	0.0393 	0.0367 	0.0335 	0.0322 	0.0312 	0.0299 	
[0.08375672729433656, 0.6, 0.2, 0.2926264005029745]	0.0601 	0.0475 	0.0360 	0.0326 	0.0332 	0.0328 	0.0306 	0.0330 	0.0319 	0.0286 	
[0.015439894911565655, 0.6674753794864611, 0.24988546763226913, 0.3405112662195158]	0.1178 	0.0787 	0.0648 	0.0537 	0.0481 	0.0467 	0.0409 	0.0396 	0.0355 	0.0362 	
[0.013128518369835501, 0.7624815646708374, 0.2309094133085204, 0.5385005516154265]	0.1628 	0.0968 	0.0700 	0.0579 	0.0523 	0.0495 	0.0427 	0.0397 	0.0363 	0.0358 	
[0.09779502295962865, 0.8133594916505479, 0.2, 0.292828613774325]	0.0515 	0.0409 	0.0334 	0.0352 	0.0333 	0.0297 	0.0278 	0.0320 	0.0293 	0.0300 	
[0.07201039559447303, 0.8139151012229282, 0.2510301395670863, 0.607481135278748]	0.0665 	0.0471 	0.0456 	0.0318 	0.0327 	0.0316 	0.0284 	0.0334 	0.0264 	0.0319 	
[0.1, 0.6, 0.7, 0.46793705628998267]	0.0758 	0.0520 	0.0444 	0.0412 	0.0371 	0.0329 	0.0342 	0.0309 	0.0292 	0.0281 	
[0.015499800261232856, 0.7655708755882233, 0.2, 0.4212312969604921]	0.1080 	0.0679 	0.0536 	0.0468 	0.0403 	0.0383 	0.0380 	0.0363 	0.0334 	0.0296 	
[0.06420982756136656, 0.60795371686911, 0.21599417004683616, 0.42476321216634133]	0.0713 	0.0510 	0.0390 	0.0396 	0.0361 	0.0288 	0.0308 	0.0312 	0.0278 	0.0265 	
[0.001, 0.6, 0.7, 0.39475160687735905]	0.8559 	0.5289 	0.4299 	0.3711 	0.3347 	0.3050 	0.2799 	0.2600 	0.2409 	0.2266 	
[0.1, 0.6040765864938216, 0.49486192329034157, 0.35886139429477437]	0.0608 	0.0470 	0.0366 	0.0337 	0.0307 	0.0292 	0.0341 	0.0253 	0.0286 	0.0290 	
[0.06445068064764185, 0.6882414546471294, 0.2808985289150083, 0.5921384176914437]	0.0766 	0.0567 	0.0449 	0.0363 	0.0326 	0.0344 	0.0306 	0.0295 	0.0285 	0.0285 	
[0.0668118810380237, 0.6, 0.5135775495322495, 0.5437684937443815]	0.0804 	0.0558 	0.0458 	0.0385 	0.0407 	0.0344 	0.0363 	0.0297 	0.0302 	0.0287 	
[0.001, 0.9, 0.26695743624521834, 0.5200171076059408]	0.3118 	0.2293 	0.1886 	0.1559 	0.1378 	0.1187 	0.1075 	0.0960 	0.0879 	0.0797 	
[0.010623764384079998, 0.6, 0.7, 0.6823235255384785]	0.3235 	0.1815 	0.1343 	0.1114 	0.0976 	0.0876 	0.0796 	0.0731 	0.0676 	0.0637 	
[0.043105137314163544, 0.8551284858795529, 0.2, 0.2]	0.0508 	0.0384 	0.0329 	0.0360 	0.0298 	0.0310 	0.0306 	0.0286 	0.0289 	0.0308 	
[0.0029240540477866715, 0.6414419079364702, 0.3154637501332786, 0.5870505884364575]	0.3623 	0.2754 	0.2290 	0.2017 	0.1755 	0.1570 	0.1428 	0.1277 	0.1161 	0.1081 	
[0.1, 0.81443502732814, 0.36842622242144973, 0.547266561731211]	0.0579 	0.0437 	0.0399 	0.0343 	0.0453 	0.0313 	0.0307 	0.0293 	0.0292 	0.0286 	
[0.08625274045132199, 0.6089450439267481, 0.5895227268501704, 0.4441335035543181]	0.0663 	0.0430 	0.0386 	0.0339 	0.0321 	0.0337 	0.0307 	0.0297 	0.0335 	0.0268 	
[0.001, 0.850122978749082, 0.31959192172260203, 0.5442073926876579]	0.3690 	0.2784 	0.2368 	0.2061 	0.1829 	0.1649 	0.1502 	0.1371 	0.1261 	0.1155 	
[0.039226084499498895, 0.6, 0.3044643835470375, 0.4730732989500406]	0.0914 	0.0587 	0.0508 	0.0413 	0.0402 	0.0358 	0.0334 	0.0336 	0.0306 	0.0295 	
[0.1, 0.6, 0.2, 0.7]	0.0700 	0.0515 	0.0466 	0.0422 	0.0359 	0.0343 	0.0336 	0.0308 	0.0301 	0.0303 	
[0.024328744417274402, 0.9, 0.2, 0.6026968164885048]	0.0650 	0.0525 	0.0423 	0.0354 	0.0371 	0.0331 	0.0341 	0.0371 	0.0304 	0.0306 	
[0.001, 0.8287976770642312, 0.6793543329746752, 0.7]	0.8656 	0.4862 	0.3622 	0.2934 	0.2475 	0.2137 	0.1903 	0.1708 	0.1582 	0.1461 	
[0.001, 0.7351215036127634, 0.3820832674583161, 0.5759163544714366]	0.5490 	0.3741 	0.3167 	0.2830 	0.2610 	0.2440 	0.2306 	0.2169 	0.2059 	0.1942 	
[0.08780744697616803, 0.7653357616651341, 0.2533304345661668, 0.21577130313285556]	0.0532 	0.0412 	0.0348 	0.0372 	0.0332 	0.0327 	0.0335 	0.0278 	0.0307 	0.0280 	
[0.001, 0.9, 0.45073461054715863, 0.3064495034913898]	0.3020 	0.2132 	0.1677 	0.1384 	0.1206 	0.1050 	0.0944 	0.0847 	0.0794 	0.0724 	
[0.1, 0.6, 0.37518102689975363, 0.7]	0.0815 	0.0550 	0.0490 	0.0406 	0.0396 	0.0398 	0.0366 	0.0357 	0.0372 	0.0338 	
[0.1, 0.6, 0.6379729348166524, 0.7]	0.0940 	0.0648 	0.0520 	0.0436 	0.0461 	0.0399 	0.0389 	0.0363 	0.0358 	0.0370 	
[0.09744255757995463, 0.6, 0.6952424937203846, 0.22791500118256217]	0.0674 	0.0440 	0.0381 	0.0348 	0.0319 	0.0291 	0.0278 	0.0261 	0.0284 	0.0263 	
[0.001, 0.7157229303142922, 0.685856349115356, 0.391977635179655]	0.6608 	0.4291 	0.3471 	0.2964 	0.2587 	0.2298 	0.2059 	0.1880 	0.1734 	0.1619 	
[0.001, 0.6432681692242992, 0.2506731621386514, 0.21690385210320245]	0.4613 	0.3226 	0.2782 	0.2494 	0.2300 	0.2108 	0.1962 	0.1838 	0.1752 	0.1666 	
[0.018557138269263137, 0.9, 0.2541904378997307, 0.2]	0.0700 	0.0407 	0.0386 	0.0385 	0.0315 	0.0305 	0.0294 	0.0276 	0.0287 	0.0290 	
[0.001, 0.7156614044193305, 0.618627557847346, 0.6633614168458368]	1.0037 	0.5512 	0.4151 	0.3452 	0.3004 	0.2638 	0.2370 	0.2169 	0.1984 	0.1851 	
[0.019207961857318878, 0.6025164723396301, 0.43379950523376465, 0.6518612504005432]	0.1876 	0.1120 	0.0802 	0.0701 	0.0589 	0.0544 	0.0541 	0.0470 	0.0449 	0.0443 	
[0.029417941829347597, 0.7051385354363244, 0.36937792488991394, 0.2]	0.0866 	0.0587 	0.0467 	0.0370 	0.0353 	0.0315 	0.0292 	0.0291 	0.0295 	0.0268 	
[0.009388143544340427, 0.6362890797145145, 0.3305655047125014, 0.36032613392577717]	0.1895 	0.1255 	0.0943 	0.0767 	0.0688 	0.0579 	0.0528 	0.0485 	0.0464 	0.0441 	
[0.0009999999999999992, 0.6, 0.6583125934259962, 0.237295307840234]	0.9379 	0.4794 	0.3889 	0.3467 	0.3117 	0.2895 	0.2707 	0.2508 	0.2332 	0.2207 	
[0.001, 0.6, 0.2, 0.7]	0.8377 	0.4797 	0.3674 	0.3222 	0.2917 	0.2704 	0.2537 	0.2365 	0.2266 	0.2147 	
[0.001, 0.7762859233124985, 0.6555502099664545, 0.2450118718095009]	0.4574 	0.3359 	0.2850 	0.2475 	0.2180 	0.1948 	0.1759 	0.1619 	0.1484 	0.1382 	
[0.04891008024757706, 0.8708038092892508, 0.2694302086637123, 0.7]	0.0755 	0.0592 	0.0451 	0.0376 	0.0377 	0.0369 	0.0340 	0.0343 	0.0327 	0.0303 	
[0.1, 0.9, 0.41099185201850486, 0.20973037491573426]	0.0487 	0.0464 	0.0323 	0.0333 	0.0297 	0.0315 	0.0389 	0.0278 	0.0338 	0.0347 	
[0.1, 0.6703615224896273, 0.6641364807197471, 0.7]	0.0893 	0.0678 	0.0505 	0.0479 	0.0446 	0.0385 	0.0408 	0.0380 	0.0362 	0.0349 	
[0.05995892733335495, 0.7969233393669128, 0.56484454870224, 0.46312758326530457]	0.0640 	0.0511 	0.0351 	0.0328 	0.0313 	0.0305 	0.0284 	0.0282 	0.0280 	0.0255 	
[0.1, 0.6808816947732107, 0.38221729289092665, 0.5813332738114022]	0.0630 	0.0467 	0.0397 	0.0376 	0.0343 	0.0293 	0.0299 	0.0341 	0.0308 	0.0343 	
[0.01224063844081425, 0.6598241696798653, 0.2, 0.26538492252947166]	0.1762 	0.1152 	0.0858 	0.0674 	0.0580 	0.0524 	0.0471 	0.0442 	0.0426 	0.0385 	
[0.04020011777241079, 0.6053518858266513, 0.2, 0.7]	0.0936 	0.0595 	0.0485 	0.0416 	0.0370 	0.0349 	0.0322 	0.0310 	0.0322 	0.0306 	
[0.1, 0.9, 0.28640164298171333, 0.5256570449341834]	0.0564 	0.0554 	0.0398 	0.0447 	0.0397 	0.0350 	0.0382 	0.0359 	0.0343 	0.0324 	
[0.1, 0.742388815836858, 0.5250422216012635, 0.4732374630557394]	0.0570 	0.0409 	0.0459 	0.0384 	0.0329 	0.0316 	0.0280 	0.0297 	0.0278 	0.0241 	
[0.001, 0.6611334941096308, 0.3064380938578729, 0.6089252157065165]	0.6340 	0.4009 	0.3327 	0.2958 	0.2670 	0.2457 	0.2309 	0.2161 	0.2038 	0.1940 	
[0.06570341438055038, 0.8171055912971497, 0.28545713424682617, 0.5641331076622009]	0.0652 	0.0468 	0.0365 	0.0333 	0.0323 	0.0320 	0.0328 	0.0276 	0.0285 	0.0294 	
[0.09209698236761275, 0.750005341855898, 0.3620282097001302, 0.7]	0.0689 	0.0483 	0.0436 	0.0404 	0.0391 	0.0358 	0.0395 	0.0419 	0.0309 	0.0327 	
[0.014159302624462328, 0.6000027110130279, 0.45505052222473696, 0.7]	0.2016 	0.1233 	0.0920 	0.0787 	0.0699 	0.0625 	0.0561 	0.0521 	0.0492 	0.0481 	
[0.019881646089870617, 0.8540003054896931, 0.31759098356982113, 0.475710613155703]	0.0796 	0.0581 	0.0474 	0.0384 	0.0371 	0.0337 	0.0321 	0.0309 	0.0313 	0.0287 	
[0.0745907542135995, 0.8205548763534554, 0.406582163774601, 0.4039034338262965]	0.0517 	0.0391 	0.0369 	0.0343 	0.0350 	0.0347 	0.0278 	0.0273 	0.0287 	0.0285 	
[0.03866126732143981, 0.9, 0.567949652446465, 0.2669731493524744]	0.0598 	0.0392 	0.0367 	0.0332 	0.0323 	0.0266 	0.0293 	0.0309 	0.0298 	0.0264 	
[0.1, 0.8351215182705057, 0.2420249435388242, 0.5902487967626799]	0.0638 	0.0494 	0.0459 	0.0404 	0.0337 	0.0319 	0.0351 	0.0288 	0.0296 	0.0280 	
[0.06854970623396131, 0.6, 0.6262627943194337, 0.2941054737645551]	0.0721 	0.0523 	0.0411 	0.0356 	0.0336 	0.0323 	0.0308 	0.0266 	0.0263 	0.0256 	
[0.008619827752188513, 0.8588263632749583, 0.3770260348458053, 0.4502377758975731]	0.1311 	0.0744 	0.0561 	0.0452 	0.0432 	0.0393 	0.0393 	0.0338 	0.0323 	0.0301 	
[0.09192012365001787, 0.8128720573110465, 0.533328096054501, 0.5965754207861623]	0.0673 	0.0533 	0.0443 	0.0382 	0.0389 	0.0337 	0.0310 	0.0297 	0.0295 	0.0337 	
[0.039395863734376715, 0.6, 0.5390813832525171, 0.2890715322062185]	0.0931 	0.0595 	0.0470 	0.0446 	0.0353 	0.0335 	0.0338 	0.0308 	0.0276 	0.0286 	
[0.008414523714548344, 0.6, 0.20448434218929706, 0.4537698250122525]	0.2241 	0.1612 	0.1260 	0.1064 	0.0866 	0.0754 	0.0676 	0.0600 	0.0575 	0.0536 	
[0.09547292309182742, 0.775611325667129, 0.3650793342853029, 0.23389782061403483]	0.0508 	0.0422 	0.0387 	0.0325 	0.0331 	0.0321 	0.0307 	0.0311 	0.0321 	0.0280 	
[0.1, 0.6, 0.6474529776496573, 0.3927147927294042]	0.0736 	0.0452 	0.0416 	0.0358 	0.0338 	0.0302 	0.0312 	0.0284 	0.0263 	0.0272 	
[0.020977350041820404, 0.9, 0.23588133193310074, 0.2936394129314777]	0.0637 	0.0428 	0.0401 	0.0307 	0.0309 	0.0294 	0.0279 	0.0285 	0.0258 	0.0255 	
[0.1, 0.9, 0.6157341935112627, 0.554950125050728]	0.0723 	0.0686 	0.0554 	0.0568 	0.0469 	0.0447 	0.0350 	0.0375 	0.0378 	0.0431 	
[0.1, 0.9, 0.2509121800096516, 0.6048946463067095]	0.0644 	0.0527 	0.0490 	0.0401 	0.0387 	0.0395 	0.0379 	0.0408 	0.0402 	0.0471 	
[0.1, 0.6, 0.7, 0.642830675787617]	0.0810 	0.0615 	0.0509 	0.0474 	0.0401 	0.0386 	0.0390 	0.0367 	0.0352 	0.0437 	
[0.07514175772666931, 0.8893942832946777, 0.5954112410545349, 0.6475447416305542]	0.0716 	0.0584 	0.0452 	0.0559 	0.0425 	0.0413 	0.0411 	0.0386 	0.0365 	0.0381 	
[0.03645209670801723, 0.7253781014635102, 0.21846031250929324, 0.7]	0.0852 	0.0582 	0.0510 	0.0427 	0.0395 	0.0358 	0.0343 	0.0364 	0.0351 	0.0312 	
[0.049831988349002744, 0.7085815643417126, 0.3543830818839398, 0.2]	0.0648 	0.0449 	0.0391 	0.0325 	0.0332 	0.0291 	0.0285 	0.0292 	0.0292 	0.0318 	
[0.1, 0.8389762456317065, 0.48132982540743807, 0.2]	0.0534 	0.0429 	0.0372 	0.0334 	0.0334 	0.0291 	0.0291 	0.0303 	0.0256 	0.0295 	
[0.02731026902289033, 0.8321001647479638, 0.6225270686115957, 0.23697465000472515]	0.0723 	0.0479 	0.0374 	0.0359 	0.0340 	0.0309 	0.0306 	0.0275 	0.0269 	0.0259 	
[0.001, 0.7074800873767069, 0.25158263569328154, 0.2678686715058623]	0.4463 	0.3159 	0.2695 	0.2373 	0.2128 	0.1954 	0.1804 	0.1701 	0.1585 	0.1513 	
[0.06566452980041504, 0.8616527915000916, 0.5384368300437927, 0.2259787768125534]	0.0576 	0.0362 	0.0329 	0.0297 	0.0290 	0.0272 	0.0307 	0.0243 	0.0262 	0.0307 	
[0.001, 0.7691819390443643, 0.6562733615224392, 0.6157360074863898]	0.7938 	0.4730 	0.3583 	0.2938 	0.2529 	0.2220 	0.2020 	0.1841 	0.1720 	0.1604 	
[0.07724100399363545, 0.7591517581676881, 0.2, 0.5101785180791775]	0.0639 	0.0446 	0.0348 	0.0318 	0.0316 	0.0320 	0.0302 	0.0281 	0.0276 	0.0278 	
[0.001, 0.8430625681229983, 0.7, 0.4780962349550734]	0.5180 	0.3703 	0.2998 	0.2518 	0.2171 	0.1922 	0.1718 	0.1556 	0.1426 	0.1313 	
[0.011258027399316809, 0.6, 0.7, 0.6960184699295251]	0.2800 	0.1659 	0.1244 	0.1048 	0.0912 	0.0788 	0.0721 	0.0680 	0.0644 	0.0597 	
[0.001, 0.6648876543355299, 0.2, 0.537411584660726]	0.5305 	0.3542 	0.3009 	0.2683 	0.2468 	0.2300 	0.2162 	0.2051 	0.1965 	0.1872 	
[0.07321286497857611, 0.7875740772409541, 0.6075608919916281, 0.5992149277465679]	0.0701 	0.0572 	0.0490 	0.0396 	0.0408 	0.0340 	0.0374 	0.0320 	0.0346 	0.0312 	
[0.001, 0.7142911118916675, 0.20917119202251297, 0.4322777920632528]	0.4706 	0.3371 	0.2840 	0.2538 	0.2304 	0.2146 	0.2012 	0.1891 	0.1811 	0.1716 	
[0.09934242605768591, 0.6, 0.6403144538117884, 0.21893714634394879]	0.0641 	0.0449 	0.0376 	0.0334 	0.0326 	0.0284 	0.0296 	0.0265 	0.0270 	0.0259 	
[0.062265155784903894, 0.7600014103158141, 0.4256787631778652, 0.7]	0.0769 	0.0531 	0.0479 	0.0435 	0.0367 	0.0335 	0.0341 	0.0304 	0.0306 	0.0308 	
[0.1, 0.9, 0.5652561303312716, 0.6411889094968066]	0.0865 	0.0734 	0.0532 	0.0505 	0.0514 	0.0505 	0.0510 	0.0478 	0.0459 	0.0399 	
[0.07985586848570127, 0.7703267250075189, 0.39960764543711064, 0.4273015446282751]	0.0523 	0.0456 	0.0379 	0.0339 	0.0308 	0.0308 	0.0307 	0.0305 	0.0302 	0.0284 	
[0.08878351669819834, 0.9, 0.4010773672076485, 0.27557149012502435]	0.0486 	0.0450 	0.0329 	0.0328 	0.0339 	0.0307 	0.0273 	0.0286 	0.0334 	0.0291 	
[0.018480038155510036, 0.6, 0.46166121029771123, 0.654759837566517]	0.1693 	0.1027 	0.0782 	0.0686 	0.0562 	0.0568 	0.0485 	0.0455 	0.0418 	0.0418 	
[0.03989954398651782, 0.7050809184640863, 0.4689560947505333, 0.7]	0.1079 	0.0690 	0.0562 	0.0500 	0.0463 	0.0410 	0.0404 	0.0379 	0.0391 	0.0354 	
[0.001, 0.6, 0.5676104820724839, 0.2565335112419108]	0.6582 	0.4198 	0.3595 	0.3238 	0.2998 	0.2798 	0.2624 	0.2479 	0.2360 	0.2256 	
[0.09277739741149879, 0.7310881963142697, 0.7, 0.5510325112160559]	0.0808 	0.0499 	0.0467 	0.0396 	0.0361 	0.0379 	0.0333 	0.0322 	0.0317 	0.0341 	
[0.007880697302738921, 0.6865007882905269, 0.2, 0.5321985648116734]	0.2340 	0.1683 	0.1330 	0.1049 	0.0874 	0.0730 	0.0648 	0.0565 	0.0521 	0.0485 	
[0.020136757100385268, 0.7813232747098935, 0.47086265172765424, 0.7]	0.1115 	0.0850 	0.0566 	0.0496 	0.0464 	0.0420 	0.0426 	0.0405 	0.0373 	0.0352 	
[0.001, 0.8107630336781078, 0.5713470959011171, 0.31992893236185477]	0.4449 	0.3313 	0.2871 	0.2516 	0.2266 	0.2042 	0.1860 	0.1702 	0.1553 	0.1413 	
[0.001, 0.6, 0.47732304056656766, 0.26470450153593683]	0.6459 	0.3966 	0.3284 	0.2899 	0.2633 	0.2437 	0.2258 	0.2105 	0.1984 	0.1866 	
